0.01,0.0363412693516,0.0657153058378,0.104804979668,9.93043445222,10.0345736979,10.0060310303,10.0330047784,9.89323629409,10.0,10.001,0.0,0.1,0.0,10.0,0.1,0.5,0.1
0.02,-0.0688242630982,-0.0763654465168,0.442389675644,10.2894815912,9.97357536552,10.0107478023,9.7877987553,9.98508026937,10.0000314108,10.0029995066,0.00314107590781,0.199950656037,0.314107590781,9.99506560366,0.1,0.5,0.1
0.03,0.128506064367,0.158157271853,0.67062666873,10.3025837433,9.92604378577,10.0437885418,9.89110277441,10.0604050883,10.000125612,10.0059970398,0.00942012786074,0.299753328879,0.627905195293,9.98026728428,0.1,0.5,0.1
0.04,-0.0615615075993,-0.0605398372629,1.20652590566,9.81216658868,9.81355531319,10.2522835052,9.98002319706,9.99356715878,10.0003139216,10.0099901351,0.0188309591926,0.39930952534,0.941083133185,9.95561964603,0.1,0.5,0.1
0.05,-0.121097171214,0.0175284936932,1.18165797224,10.7807273125,10.0416436925,10.0272430111,10.0574087753,10.0319223333,10.0006275645,10.0149753451,0.031364282549,0.498520995471,1.25333233564,9.92114701314,0.1,0.5,0.1
0.06,0.0311078827052,0.220353965197,1.70273945642,9.70477628794,9.9921827675,9.86698734121,10.1813058849,10.1096674804,10.0010976417,10.0209482434,0.047007729053,0.597289829531,1.5643446504,9.87688340595,0.1,0.5,0.1
0.07,0.151953354694,-0.0772126969685,1.82333238929,9.22644868871,9.99141695312,9.87090469909,10.1256969841,9.8791441535,10.0017551004,10.0279034289,0.0657458605116,0.695518554604,1.87381314586,9.82287250729,0.1,0.5,0.1
0.08,0.0856970017213,-0.0207543409291,1.79301041849,9.72824872115,10.0355701457,9.76632416922,10.0197262219,10.01268148,10.0026307022,10.0358345312,0.0875601846513,0.793110230797,2.18143241397,9.75916761939,0.1,0.5,0.1
0.09,-0.156628541776,0.0856838987428,2.59226829352,10.0116846701,10.0347375811,10.0287720697,10.0092619007,10.039843294,10.0037549939,10.0447342167,0.112429173368,0.88996854691,2.48689887165,9.68583161129,0.1,0.5,0.1
0.1,0.111201304965,-0.138311896037,3.52788540318,9.20947178015,9.97604064264,9.9476019875,9.88406723838,9.92524582376,10.0051582768,10.0545941958,0.140328283972,0.985997915478,2.78991106039,9.60293685677,0.1,0.5,0.1
0.11,-0.0497097768864,-0.0524776992472,1.97810111213,9.20813565939,9.80763460322,9.91327075108,9.87771870193,10.0357848077,10.0068705766,10.0654052315,0.171229983409,1.08110356711,3.09016994375,9.51056516295,0.1,0.5,0.1
0.12,-0.051624387735,-0.0765780694901,3.5207594967,9.49823524921,9.92876441086,9.90587342929,9.92175482467,9.91542987751,10.0089216144,10.0771571479,0.205103775434,1.175191644,3.38737920245,9.40880768954,0.1,0.5,0.1
0.13,-0.0878796367711,-0.169093255478,2.76674654734,8.032605815,9.96431593044,9.90691781149,10.1229420597,10.1922472001,10.0113407767,10.0898388409,0.241916230702,1.26816929259,3.68124552685,9.29776485888,0.1,0.5,0.1
0.14,-0.0842927072379,-0.0538758910531,3.8226878744,8.75980683491,10.0633565374,9.86003601839,9.93503888367,10.1795599595,10.0141570869,10.1034382884,0.281631019766,1.35994475516,3.97147890635,9.17754625684,0.1,0.5,0.1
0.15,-0.0920095331059,-0.0519246820637,4.64072140684,9.31211962427,10.1037086178,9.77424861106,9.99135496017,10.303921619,10.0173991764,10.117942563,0.324208948922,1.45042746041,4.25779291565,9.04827052466,0.1,0.5,0.1
0.16,0.16250566594,0.087957721793,3.89303554206,8.8136916596,9.9426068695,9.72952096533,9.95263812711,10.2222360769,10.0210952563,10.1333378442,0.369607998896,1.53952811283,4.5399049974,8.91006524188,0.1,0.5,0.1
0.17,0.171428885385,-0.131286160482,5.5697445477,8.58629557993,9.9840911202,9.89295813832,9.99167345998,10.0355739494,10.02527309,10.149609432,0.417783366306,1.62715878083,4.81753674102,8.76306680044,0.1,0.5,0.1
0.18,0.143290103631,-0.106512055647,5.89240708395,9.19467886254,9.96792059266,9.8302362442,10.0512115103,10.2512404095,10.0299599651,10.1667417618,0.468687507881,1.71323298353,5.0904141575,8.60742027004,0.1,0.5,0.1
0.19,-0.0435529528375,0.00299416637972,5.52784061958,8.40283866462,10.019180858,9.82521062482,9.92337931174,10.1091608374,10.035182667,10.1847184196,0.522270187379,1.79766577608,5.35826794979,8.44327925502,0.1,0.5,0.1
0.2,-0.0343898445747,-0.155181646692,5.41557715594,8.41387376865,9.97871923238,9.91201073062,10.1431622157,10.3025434441,10.0409674522,10.2035221579,0.578478525164,1.88037383351,5.62083377852,8.27080574275,0.1,0.5,0.1
0.21,0.0311425213373,-0.0458282448383,6.58171032817,7.17473270831,9.94350204639,9.87223612012,10.0192332916,10.2037087338,10.0473400227,10.2231349132,0.637257050394,1.96127553295,5.87785252292,8.09016994375,0.1,0.5,0.1
0.22,0.219064135801,0.0517784185505,6.18909207404,7.93892329529,10.1983483516,10.0274937669,10.149089671,10.5151888203,10.0543255003,10.2435378236,0.698547755759,2.04029103418,6.12907053653,7.90155012376,0.1,0.5,0.1
0.23,0.159474540287,0.0157087972844,6.59244742472,8.29388055742,9.88940212621,9.6532421778,10.0302395733,10.4030646902,10.0619484018,10.2647112471,0.762290154734,2.11734235846,6.37423989749,7.70513242776,0.1,0.5,0.1
0.24,-0.0918182635486,-0.0786994682487,6.23717161571,7.33950459893,9.8916709749,9.84364865245,10.03778003,10.2408761527,10.0702326152,10.2866347818,0.828421341266,2.19235346542,6.61311865324,7.5011106963,0.1,0.5,0.1
0.25,0.0674567671956,0.0509003208832,6.3032246575,7.69980644616,9.93351793031,9.76010578179,9.95831713372,10.3810807895,10.0792013757,10.3092872851,0.896876051859,2.26525032817,6.84547105929,7.28968627421,0.1,0.5,0.1
0.26,0.222197591908,0.132895241913,7.24388137065,6.95326815359,10.0603146825,9.63452804563,10.4431415592,10.2808952629,10.088877243,10.3326468951,0.967586729978,2.33596100628,7.07106781187,7.07106781187,0.1,0.5,0.1
0.27,-0.0866905514223,0.172135969534,6.64825019337,5.98840722284,10.0223486176,9.7676828566,10.088456822,10.3117564079,10.099282079,10.3566910523,1.04048359272,2.40441571688,7.28968627421,6.84547105929,0.1,0.5,0.1
0.28,-0.214787716046,0.0937835726221,7.92101254703,6.70268198036,9.82931782753,9.58375810375,10.1767456222,10.3603953731,10.110437026,10.3813965213,1.11549469968,2.47054690341,7.5011106963,6.61311865324,0.1,0.5,0.1
0.29,0.110020978456,0.115131296029,6.93148436685,6.65793104936,9.88287242767,9.82586682145,10.0943516648,10.4156263836,10.1223624862,10.4067394144,1.19254602396,2.53428930238,7.70513242776,6.37423989749,0.1,0.5,0.1
0.3,0.106488281029,-0.0200023707974,8.07207507816,5.74437937336,10.1253147274,9.68931281667,9.99225402666,10.3668000183,10.1350781015,10.4326952144,1.2715615252,2.59558000775,7.90155012376,6.12907053653,0.1,0.5,0.1
0.31,0.124692882147,-0.0235526081669,7.72617569681,5.76518554593,9.96408565987,9.64624490126,10.168911404,10.5302574806,10.1486027337,10.4592387998,1.35246322464,2.65435853298,8.09016994375,5.87785252292,0.1,0.5,0.1
0.32,0.0489780788696,0.0937853082867,7.84890194304,5.55036801832,9.90538752367,9.53725250545,10.1472812204,10.4175333898,10.1629544465,10.4863444685,1.43517128206,2.71056687076,8.27080574275,5.62083377852,0.1,0.5,0.1
0.33,0.00478880545798,0.0318276523189,8.22743474856,5.06284644156,9.87443766049,9.47354366757,10.0859931758,10.2949502782,10.1781504873,10.513985964,1.51960407461,2.76414955026,8.44327925502,5.35826794979,0.1,0.5,0.1
0.34,0.0344619824063,-0.172885360023,8.38084811992,4.80131358643,9.84750264897,9.23474631111,10.2275431303,10.5509843101,10.1942072701,10.5421365009,1.60567827731,2.81505369184,8.60742027004,5.0904141575,0.1,0.5,0.1
0.35,0.188680043921,0.0566244036971,9.01193522906,5.39755960344,9.75123184805,9.55104592985,10.2544490805,10.5669714805,10.2111403595,10.5707687915,1.69330894532,2.86322905925,8.76306680044,4.81753674102,0.1,0.5,0.1
0.36,0.126716929142,-0.101364322525,7.91660273933,4.4501768004,9.82452054995,9.45498952284,10.1599063015,10.7079054931,10.2289644555,10.5998550726,1.78240959774,2.90862810922,8.91006524188,4.5399049974,0.1,0.5,0.1
0.37,0.014554733148,0.0744630620992,9.20549847822,4.27740275087,9.74100584069,9.34881980179,10.1947323192,10.7339822544,10.2476933785,10.629367133,1.87289230298,2.95120603838,9.04827052466,4.25779291565,0.1,0.5,0.1
0.38,0.157523239686,0.0533219657168,8.45229225251,3.79585734633,9.74215146196,9.45939654454,10.3985486298,10.6201464202,10.2673400562,10.6592763413,1.96466776555,2.99092082744,9.17754625684,3.97147890635,0.1,0.5,0.1
0.39,0.141556152867,0.0573626939362,9.7633974508,2.89003455302,9.8309774897,9.24708940174,10.3100967607,10.7106825347,10.2879165103,10.6895536741,2.05764541414,3.02773328271,9.29776485888,3.68124552685,0.1,0.5,0.1
0.4,0.128793854807,0.0805378352897,8.96710353566,3.1516788144,9.80066757989,9.38444134568,10.1636209701,10.6247647518,10.3094338452,10.7201697448,2.15173349104,3.06160707473,9.40880768954,3.38737920245,0.1,0.5,0.1
0.41,0.292675899977,0.013238329919,10.7625403054,2.99313023511,9.55898700033,9.18376774992,10.4166335738,10.727248979,10.3319022366,10.7510948326,2.24683914267,3.09250877417,9.51056516295,3.09016994375,0.1,0.5,0.1
0.42,0.0100221048085,-0.0557264147521,9.66498317294,3.46865856819,9.71812080668,9.24528886974,10.3861191983,10.7916412767,10.3553309218,10.7822989114,2.34286851123,3.12040788478,9.60293685677,2.78991106039,0.1,0.5,0.1
0.43,-0.0313412480576,-0.190843475768,9.3692008044,3.03083716041,9.59655612453,9.1922833341,10.3959892276,10.592998123,10.37972819,10.8137516801,2.43972682735,3.14527687349,9.68583161129,2.48689887165,0.1,0.5,0.1
0.44,0.0229193292421,0.0796543203076,9.63845488154,1.95826141578,9.57058206115,9.11577588245,10.3971742217,10.7789391525,10.4051013751,10.8454225921,2.53731850354,3.16709119763,9.75916761939,2.18143241397,0.1,0.5,0.1
0.45,0.102625064099,0.0470065984724,10.3593400243,2.04994524632,9.54344295334,9.26406234718,10.5638389696,10.9346468985,10.4314568474,10.8772808854,2.63554722861,3.18582932909,9.82287250729,1.87381314586,0.1,0.5,0.1
0.46,-0.0693766437119,-0.0940441923724,10.3199489037,1.43416929979,9.50264489175,9.03546769297,10.427792991,11.0225264364,10.458800008,10.9092956132,2.73431606267,3.20147277559,9.87688340595,1.5643446504,0.1,0.5,0.1
0.47,-0.0591727101561,0.108444973156,9.59574738376,1.32271313062,9.55873209998,9.08262068778,10.5197780615,10.8696928258,10.4871352833,10.9414356742,2.8335275328,3.21400609895,9.92114701314,1.25333233564,0.1,0.5,0.1
0.48,0.0767014907936,0.130051134923,10.4520724915,1.01508569101,9.37715472156,8.9365109705,10.441343875,11.0642336327,10.5164661206,10.9736698435,2.93308372926,3.22341693028,9.95561964603,0.941083133185,0.1,0.5,0.1
0.49,-0.00937557499166,0.0474845421425,11.078539733,1.47887239831,9.1748850332,8.88858378994,10.5730468129,10.999068769,10.5467949846,11.0059668033,3.03288640211,3.22969598224,9.98026728428,0.627905195293,0.1,0.5,0.1
0.5,-0.0656948534087,0.182029232283,10.0183812926,0.22730950682,9.65068040589,8.92905962714,10.4830253547,10.9848167421,10.5781233552,11.0382951739,3.13283705814,3.23283705814,9.99506560366,0.314107590781,0.1,0.5,0.1
0.51,-0.0238141936737,-0.0405870351165,9.28032181774,-1.1060610238,9.46861377976,8.96211990223,10.6390942934,11.1030212216,10.6104517258,11.0706235445,3.23283705814,3.23283705814,10.0,-6.04903497084e-15,0.1,0.5,0.1
0.52,-0.00299696556903,-0.0435695806352,9.80792375257,0.261515461678,9.43795977768,8.82573152045,10.5300061425,11.2218052431,10.6437796029,11.1029205043,3.33278771418,3.22969598224,9.99506560366,-0.314107590781,0.1,0.5,0.1
0.53,0.104346584151,-0.0996955411948,9.71306098483,-0.938298915889,9.20175237575,8.68096675786,10.6319932494,11.1234727805,10.6781055068,11.1351546736,3.43259038702,3.22341693028,9.98026728428,-0.627905195293,0.1,0.5,0.1
0.54,0.112652123306,0.126836246415,10.2372039489,-0.450715659296,9.16430885909,8.68443932262,10.7215888396,11.2350095,10.7134269726,11.1672947346,3.53214658348,3.21400609895,9.95561964603,-0.941083133185,0.1,0.5,0.1
0.55,0.386907076564,-0.0630146289357,9.27191795979,-1.48008408211,9.18896589544,8.50566719084,10.6049804031,11.3436373655,10.7497405532,11.1993094623,3.63135805361,3.20147277559,9.92114701314,-1.25333233564,0.1,0.5,0.1
0.56,0.157186946618,-0.034420090407,10.4308738831,-1.38078208375,9.15052410205,8.97997224744,10.7049248237,11.2682857173,10.787041822,11.2311677556,3.73012688767,3.18582932909,9.87688340595,-1.5643446504,0.1,0.5,0.1
0.57,0.0921100985069,-0.0434426168034,10.8022009904,-2.25155645387,9.22084770351,8.70165389568,10.8590738375,11.1864557661,10.8253253782,11.2628386676,3.82835561275,3.16709119763,9.82287250729,-1.87381314586,0.1,0.5,0.1
0.58,0.0687349196037,0.105280493951,9.9310068667,-1.44062622199,9.03385944424,8.66137878267,10.7972803389,11.3382113334,10.8645848511,11.2942914363,3.92594728894,3.14527687349,9.75916761939,-2.18143241397,0.1,0.5,0.1
0.59,0.0277362351682,0.10524284925,10.0449986244,-3.00244348364,9.03318658966,8.57164838589,10.7718235398,11.4953587104,10.9048129071,11.3254955152,4.02280560505,3.12040788478,9.68583161129,-2.48689887165,0.1,0.5,0.1
0.6,0.0611745092005,0.0255177294484,9.77983438316,-2.8023306951,9.17368455269,8.66753063189,10.8317013889,11.340929717,10.9460012568,11.3564206029,4.11883497362,3.09250877417,9.60293685677,-2.78991106039,0.1,0.5,0.1
0.61,0.239573820349,-0.0908441971033,9.29176903493,-2.67865850683,8.86205369851,8.65532323067,11.0144617947,11.3819032334,10.9881406631,11.3870366737,4.21394062525,3.06160707473,9.51056516295,-3.09016994375,0.1,0.5,0.1
0.62,0.0589400402975,-0.046330769815,8.8369408536,-3.55248609844,9.00407746472,8.58498817641,11.0706965112,11.6418415058,11.0312209501,11.4173140065,4.30802870215,3.02773328271,9.40880768954,-3.38737920245,0.1,0.5,0.1
0.63,0.288892639951,-0.012871069904,9.14474403607,-3.98622552396,8.95915557208,8.62515816946,10.9798969138,11.4709009212,11.0752310136,11.4472232148,4.40100635074,2.99092082744,9.29776485888,-3.68124552685,0.1,0.5,0.1
0.64,0.183681575879,0.0855683994506,8.53808194794,-4.37899182197,8.83859828876,8.54062325266,11.0218612335,11.4884398431,11.1201588318,11.4767352751,4.4927818133,2.95120603838,9.17754625684,-3.97147890635,0.1,0.5,0.1
0.65,0.166604850146,0.0563848498732,9.27662440128,-3.88712525786,8.65448163232,8.41564694695,11.0867798162,11.4910689691,11.1659914769,11.5058215562,4.58326451855,2.90862810922,9.04827052466,-4.25779291565,0.1,0.5,0.1
0.66,0.221054673766,0.0476397665796,8.60297273439,-4.39201043763,8.79407651801,8.34854840952,11.4816126998,11.5404521751,11.2127151287,11.5344538468,4.67236517097,2.86322905925,8.91006524188,-4.5399049974,0.1,0.5,0.1
0.67,0.0403492750064,0.206717953538,8.68013551055,-4.17641791006,8.74222222478,8.28664989505,11.1373484911,11.4539835963,11.260315087,11.5626043837,4.75999583897,2.81505369184,8.76306680044,-4.81753674102,0.1,0.5,0.1
0.68,-0.00714808173375,-0.0492124693019,8.31309922145,-3.77992415668,8.81011148863,8.25855658762,11.3877655796,11.588600474,11.3087757875,11.5902458793,4.84607004167,2.76414955026,8.60742027004,-5.0904141575,0.1,0.5,0.1
0.69,-0.140376917924,0.0882532621996,7.74242745252,-5.64505866486,8.622550139,8.53082566727,11.2629401524,11.5089760967,11.3580808158,11.617351548,4.93050283422,2.71056687076,8.44327925502,-5.35826794979,0.1,0.5,0.1
0.7,0.0165686223807,0.0662358214079,8.00043277124,-5.80103902841,8.43838355936,8.16454016129,11.2397870093,11.6662408238,11.4082129247,11.6438951333,5.01321089165,2.65435853298,8.27080574275,-5.62083377852,0.1,0.5,0.1
0.71,0.0857692673416,0.0161725134111,9.19863747546,-6.41950490477,8.51334717169,8.50683066072,11.4125717217,11.6364310887,11.4591540506,11.6698509334,5.09411259109,2.59558000775,8.09016994375,-5.87785252292,0.1,0.5,0.1
0.72,-0.0809540307288,0.070613484506,8.31284289297,-6.68609916255,8.54188781002,8.3933872962,11.5289533959,11.5774163808,11.5108853316,11.6951938264,5.17312809233,2.53428930238,7.90155012376,-6.12907053653,0.1,0.5,0.1
0.73,0.0297377755925,0.00503236903153,8.72967760014,-5.81845845113,8.46170938868,8.1846566114,11.5312902816,11.6856744296,11.5633871257,11.7198992954,5.2501794166,2.47054690341,7.70513242776,-6.37423989749,0.1,0.5,0.1
0.74,0.025289959569,-0.0914254839433,7.39593729203,-6.50528321685,8.3748175319,8.13802057283,11.7138381448,11.9043953326,11.616639031,11.7439434526,5.32519052357,2.40441571688,7.5011106963,-6.61311865324,0.1,0.5,0.1
0.75,-0.0504089719947,-0.0305123529278,7.56947350134,-5.61458945186,8.21506622809,8.13124368099,11.5359974225,11.7800387415,11.6706199048,11.7673030627,5.39808738631,2.33596100628,7.28968627421,-6.84547105929,0.1,0.5,0.1
0.76,-0.117894878985,0.0839450253283,6.90216553567,-6.77828376758,8.29192458865,8.29053337484,11.7597555337,11.7650601232,11.7253078855,11.7899555659,5.46879806443,2.26525032817,7.07106781187,-7.07106781187,0.1,0.5,0.1
0.77,0.296964967993,-0.245073002882,6.66792078861,-7.10589012376,8.33009954184,7.97795548356,11.5877697345,11.7201693812,11.7806804132,11.8118791006,5.53725277502,2.19235346542,6.84547105929,-7.28968627421,0.1,0.5,0.1
0.78,0.0421802692701,0.0740273278656,6.6108114608,-7.40936327661,8.17435655289,8.176272908,11.8296815803,12.0193753659,11.8367142528,11.8330525242,5.60338396155,2.11734235846,6.61311865324,-7.5011106963,0.1,0.5,0.1
0.79,0.118551462232,-0.026677989092,6.201605401,-8.16936678424,7.9127042273,8.22990553092,11.8494510558,11.9214258733,11.8933855164,11.8534554345,5.66712636053,2.04029103418,6.37423989749,-7.70513242776,0.1,0.5,0.1
0.8,0.118704249188,-0.106634954997,5.29717758274,-7.95893142417,8.16563531583,8.33844053832,12.0016733106,11.9497121526,11.9506696871,11.8730681898,5.72841706589,1.96127553295,6.12907053653,-7.90155012376,0.1,0.5,0.1
0.81,-0.00213263591675,0.150838694808,5.90152601401,-8.67632734684,8.06829360566,8.21685963998,11.892353756,11.9452668367,12.008541643,11.8918719282,5.78719559112,1.88037383351,5.87785252292,-8.09016994375,0.1,0.5,0.1
0.82,0.0517894801642,-0.0127950969362,5.28100225662,-7.94984005744,8.07513521891,8.13427780726,12.0932456748,11.6749562307,12.0669756823,11.9098485859,5.84340392891,1.79766577608,5.62083377852,-8.27080574275,0.1,0.5,0.1
0.83,0.0956227476556,0.194888141379,6.09243712138,-8.26715273856,7.87757030478,8.14800757749,12.2532759281,11.8465722469,12.1259455484,11.9269809158,5.89698660841,1.71323298353,5.35826794979,-8.44327925502,0.1,0.5,0.1
0.84,-0.0623515266314,-0.0414526644101,4.83409794692,-7.90602342755,7.99178414843,7.98449651898,12.1492778783,11.8289570366,12.1854244559,11.9432525036,5.94789074998,1.62715878083,5.0904141575,-8.60742027004,0.1,0.5,0.1
0.85,0.0877352486017,-0.0771890345225,5.70075958589,-9.07226456609,7.7661426953,8.04670752305,12.20333723,11.9841964154,12.2453851171,11.9586477847,5.99606611739,1.53952811283,4.81753674102,-8.76306680044,0.1,0.5,0.1
0.86,0.12515643075,0.183277755503,4.79290456177,-9.08200868594,7.61537661109,7.99749479737,12.3597017286,12.0611106443,12.3057997687,11.9731520593,6.04146516736,1.45042746041,4.5399049974,-8.91006524188,0.1,0.5,0.1
0.87,0.0770057125488,-0.023619185095,4.13145972067,-9.11184537645,7.59801107103,7.82626382538,12.2695686211,11.8350640959,12.3666401997,11.9867515069,6.08404309652,1.35994475516,4.25779291565,-9.04827052466,0.1,0.5,0.1
0.88,0.245884723412,-0.00568938599816,4.16764128145,-9.14272886964,7.5560485569,8.10162602205,12.3655474513,11.8460598806,12.4278777785,11.9994331998,6.12375788558,1.26816929259,3.97147890635,-9.17754625684,0.1,0.5,0.1
0.89,0.184732288338,-0.0115577144479,2.84127026551,-10.0083120233,7.52024887639,7.96830083838,12.5522617903,12.0370768176,12.489483482,12.0111851162,6.16057034085,1.175191644,3.68124552685,-9.29776485888,0.1,0.5,0.1
0.9,0.0377185893822,-0.117298087978,2.5336578608,-9.01887992411,7.4195869298,8.00641843227,12.5522176958,11.8834919423,12.5514279233,12.0219961519,6.19444413288,1.08110356711,3.38737920245,-9.40880768954,0.1,0.5,0.1
0.91,0.00218856922545,-0.0554302079605,2.3319414351,-9.88001342118,7.18578320202,8.12397971375,12.701443808,11.8354313512,12.6136813816,12.0318561311,6.22534583232,0.985997915478,3.09016994375,-9.51056516295,0.1,0.5,0.1
0.92,-0.0619749381821,-0.0947765101147,2.68965014617,-10.061407194,7.39770918149,7.93768227,12.7039933346,12.1126771272,12.676213831,12.0407558165,6.25324494292,0.88996854691,2.78991106039,-9.60293685677,0.1,0.5,0.1
0.93,0.018816600638,-0.0887846531319,2.77869141345,-9.24419833635,7.11995256262,7.99247502099,12.7548157949,11.8167272468,12.7389949704,12.0486869188,6.27811393164,0.793110230797,2.48689887165,-9.68583161129,0.1,0.5,0.1
0.94,0.0911990283892,0.155591895293,1.68179905903,-9.98209972974,7.06814805746,7.83615728911,12.7588327607,12.2452063894,12.8019942529,12.0556421044,6.29992825578,0.695518554604,2.18143241397,-9.75916761939,0.1,0.5,0.1
0.95,0.0504412549763,-0.126364675059,1.25421855646,-10.0807014986,7.2203958667,7.84746113345,12.7905708224,12.056784579,12.8651809168,12.0616150027,6.31866638723,0.597289829531,1.87381314586,-9.82287250729,0.1,0.5,0.1
0.96,0.140413354567,-0.438959194374,1.79060208288,-9.96321491471,6.79014791273,7.9540243073,12.9317347442,12.0077650149,12.9285240151,12.0666002126,6.33430983374,0.498520995471,1.5643446504,-9.87688340595,0.1,0.5,0.1
0.97,0.035944368166,0.077172168785,1.09297857757,-9.94417932026,7.15485121058,8.02160903686,13.1907605028,12.2758687933,12.9919924467,12.0705933079,6.34684315709,0.39930952534,1.25333233564,-9.92114701314,0.1,0.5,0.1
0.98,0.0589073744478,0.121642045517,0.97551357474,-10.2550039707,6.94818994278,7.92054627318,13.1604653881,11.8846232586,13.0555549866,12.0735908412,6.35625398843,0.299753328879,0.941083133185,-9.95561964603,0.1,0.5,0.1
0.99,0.0673012305155,-0.0204943143927,0.810431888535,-10.9354835021,6.94558098179,7.86784464705,13.0631230835,12.1069279673,13.119180317,12.0755903477,6.36253304038,0.199950656037,0.627905195293,-9.98026728428,0.1,0.5,0.1
1.0,0.11287235325,-0.192666102829,0.369027605963,-9.62077590032,6.77520444749,7.96989166497,13.2684119987,11.9355993349,13.1828370581,12.0765903477,6.36567411629,0.1,0.314107590781,-9.99506560366,0.1,0.5,0.1
1.01,-0.0541712569849,-0.13165025939,0.968157008562,-9.76489143166,6.87401519911,7.99379244707,13.2133020812,12.1664867417,13.2464937993,12.0765903477,6.36567411629,-4.46864767412e-15,-2.09798541387e-14,-10.0,0.1,0.5,0.1
1.02,0.0172196136494,-0.125057523053,-0.630049713752,-9.64229418235,6.81600981105,7.80486778815,13.2056825244,11.9938977812,13.3101191297,12.0755908412,6.36253304038,-0.0999506560366,-0.314107590781,-9.99506560366,0.1,0.5,0.1
1.03,0.127080728243,0.155034493628,0.235062408426,-11.2177380393,6.55987443557,7.91147500495,13.5292623624,12.1687513707,13.3736816696,12.0735933079,6.35625398843,-0.199753328879,-0.627905195293,-9.98026728428,0.1,0.5,0.1
1.04,0.125675317531,-0.165096076144,-0.502063830128,-9.85104441211,6.45432348912,7.92419858638,13.5751342519,11.8178950305,13.4371501012,12.0706002126,6.34684315709,-0.29930952534,-0.941083133185,-9.95561964603,0.1,0.5,0.1
1.05,0.137530812556,-0.083441582703,-1.12667130433,-9.58298592536,6.64952842561,7.75817821968,13.5072078755,12.194763592,13.5004931995,12.0666150027,6.33430983374,-0.398520995471,-1.25333233564,-9.92114701314,0.1,0.5,0.1
1.06,0.0824893120252,0.0709124846128,-1.53557078889,-9.79906627823,6.380034403,7.89075106037,13.3371006172,12.1311614902,13.5636798634,12.0616421044,6.31866638723,-0.497289829531,-1.5643446504,-9.87688340595,0.1,0.5,0.1
1.07,0.0287292937965,0.0311775219961,-1.64962729173,-9.9198689889,6.33406682517,7.91128289796,13.6269664732,12.0783029322,13.6266791459,12.0556869188,6.29992825578,-0.595518554604,-1.87381314586,-9.82287250729,0.1,0.5,0.1
1.08,0.0839856297811,0.0874753572121,-1.75572213875,-9.47274616988,6.43915563203,7.75260170197,13.514602134,12.0904693616,13.6894602852,12.0487558165,6.27811393164,-0.693110230797,-2.18143241397,-9.75916761939,0.1,0.5,0.1
1.09,0.0603421083971,0.0948200029884,-2.92307547337,-9.53973544172,6.21130497299,8.1253507301,13.7896996833,12.0617640647,13.7519927347,12.0408561311,6.25324494292,-0.78996854691,-2.48689887165,-9.68583161129,0.1,0.5,0.1
1.1,0.0801600694867,0.00202687201662,-3.16354394501,-10.1881317563,6.110603943,8.03361820979,13.8317887838,12.2589577611,13.814246193,12.0319961519,6.22534583232,-0.885997915478,-2.78991106039,-9.60293685677,0.1,0.5,0.1
1.11,0.0578762014395,-0.0616512196215,-2.63490245172,-9.18852153952,6.10461283476,8.19532987393,13.8893464176,11.9932977872,13.8761906343,12.0221851162,6.19444413288,-0.981103567107,-3.09016994375,-9.51056516295,0.1,0.5,0.1
1.12,0.213394769643,-0.138167826392,-2.76905607826,-9.09720550124,5.96202057458,8.0224372041,13.9072452365,12.0019705478,13.9377963377,12.0114331998,6.16057034085,-1.075191644,-3.38737920245,-9.40880768954,0.1,0.5,0.1
1.13,-0.139418028042,-0.0648814244174,-3.5859353374,-9.51303930995,5.9583126391,8.06497871187,13.9715767827,11.9192862032,13.9990339166,11.9997515069,6.12375788558,-1.16816929259,-3.68124552685,-9.29776485888,0.1,0.5,0.1
1.14,0.0561984907737,0.0879367978206,-5.15854071431,-9.75999021812,5.89992360603,8.04491060022,14.2517233408,12.0825157477,14.0598743476,11.9871520593,6.08404309652,-1.25994475516,-3.97147890635,-9.17754625684,0.1,0.5,0.1
1.15,0.137574684051,-0.0780742118513,-4.45131674945,-8.87058838125,5.95730936956,7.80346054116,14.0884190631,11.9185923295,14.1202889992,11.9736477847,6.04146516736,-1.35042746041,-4.25779291565,-9.04827052466,0.1,0.5,0.1
1.16,0.182314207365,0.000715503358626,-4.58562161117,-8.54038684382,5.82120537629,7.86001138634,14.1288557064,11.9493301436,14.1802496604,11.9592525036,5.99606611739,-1.43952811283,-4.5399049974,-8.91006524188,0.1,0.5,0.1
1.17,-0.0342547083894,0.0402119345715,-4.49217865691,-8.06627619382,5.68325898616,8.09993296091,14.2798690689,12.0204536276,14.2397285679,11.9439809158,5.94789074998,-1.52715878083,-4.81753674102,-8.76306680044,0.1,0.5,0.1
1.18,-0.0232948045419,-0.0158489528871,-5.50407536547,-8.62538026777,5.72549517729,8.22524822047,14.2976224459,11.8994464372,14.298698434,11.9278485859,5.89698660841,-1.61323298353,-5.0904141575,-8.60742027004,0.1,0.5,0.1
1.19,0.121657153507,-0.0947292866947,-4.81549675754,-8.12596057183,5.83342308523,7.91221496226,14.4167944825,11.880117125,14.3571324733,11.9108719282,5.84340392891,-1.69766577608,-5.35826794979,-8.44327925502,0.1,0.5,0.1
1.2,0.260213207738,0.0223939187442,-5.00405780454,-8.86958946449,5.71190681823,8.06327940967,14.498093637,11.8976723774,14.4150044292,11.8930681898,5.78719559112,-1.78037383351,-5.62083377852,-8.27080574275,0.1,0.5,0.1
1.21,0.120250712568,-0.0956457709112,-5.87530971864,-8.15435001386,5.6406564355,8.23129948491,14.576835328,11.9561022143,14.4722885999,11.8744554345,5.72841706589,-1.86127553295,-5.87785252292,-8.09016994375,0.1,0.5,0.1
1.22,0.00729119939097,-0.113946804492,-5.57184463142,-8.16303577845,5.46556540262,8.13017176268,14.6114244209,11.9300564339,14.5289598635,11.8550525242,5.66712636053,-1.94029103418,-6.12907053653,-7.90155012376,0.1,0.5,0.1
1.23,-0.0947264289653,0.0372689546838,-6.17657746374,-7.81457207496,5.24944222657,8.23865285267,14.6463195611,11.731407143,14.5849937031,11.8348791006,5.60338396155,-2.01734235846,-6.37423989749,-7.70513242776,0.1,0.5,0.1
1.24,0.272171899968,-0.0213274954497,-6.11275338551,-7.07165367952,5.15728123515,8.3694913445,14.5325561678,11.8237726759,14.6403662308,11.8139555659,5.53725277502,-2.09235346542,-6.61311865324,-7.5011106963,0.1,0.5,0.1
1.25,0.0685175454533,-0.0671169048899,-6.23060669505,-8.05964935911,5.22178072501,8.18327355582,14.5642792457,11.9343625374,14.6950542115,11.7923030627,5.46879806443,-2.16525032817,-6.84547105929,-7.28968627421,0.1,0.5,0.1
1.26,0.150140771368,-0.120196486978,-7.80141267138,-8.32372389551,5.1975639895,8.25304844825,14.6275336169,11.6793930199,14.7490350853,11.7699434526,5.39808738631,-2.23596100628,-7.07106781187,-7.07106781187,0.1,0.5,0.1
1.27,0.0762467329908,-0.243103026994,-7.92169004891,-6.51496732118,5.21391107684,8.21864060257,14.630571358,11.7547553694,14.8022869906,11.7468992954,5.32519052357,-2.30441571688,-7.28968627421,-6.84547105929,0.1,0.5,0.1
1.28,-0.0110239934916,-0.132485160624,-7.06518796123,-7.31463088012,5.12156787793,8.31324038727,14.8886422987,11.7990551292,14.8547887847,11.7231938264,5.2501794166,-2.37054690341,-7.5011106963,-6.61311865324,0.1,0.5,0.1
1.29,0.0512648260368,-0.137299318166,-7.98860073151,-6.22231993011,5.11276114791,8.13738797396,14.9473838344,11.7994277068,14.9065200657,11.6988509334,5.17312809233,-2.43428930238,-7.70513242776,-6.37423989749,0.1,0.5,0.1
1.3,0.29476378675,0.073923647648,-7.89912105461,-6.01472974791,5.08782108136,8.29433759802,14.8344361849,11.6617390016,14.9574611916,11.6738951333,5.09411259109,-2.49558000775,-7.90155012376,-6.12907053653,0.1,0.5,0.1
1.31,0.159095517546,0.108310796695,-8.27942751253,-5.98397755838,4.96900962181,8.36752363866,15.0899867455,11.7298399552,15.0075933005,11.648351548,5.01321089165,-2.55435853298,-8.09016994375,-5.87785252292,0.1,0.5,0.1
1.32,-0.00370389088008,0.0256984958622,-7.93235088652,-4.75997641872,5.13604293822,8.53892172656,14.9609862366,11.4422928537,15.0568983288,11.6222458793,4.93050283422,-2.61056687076,-8.27080574275,-5.62083377852,0.1,0.5,0.1
1.33,0.0950785811105,-0.214304525418,-8.62494785457,-5.21740605574,5.05335023169,8.42757572185,15.1373515987,11.5415860346,15.1053590292,11.5956043837,4.84607004167,-2.66414955026,-8.44327925502,-5.35826794979,0.1,0.5,0.1
1.34,0.155572191601,0.0421931800662,-8.70406221742,-5.68833197175,4.80483517698,8.51854639093,15.0248789789,11.6849433907,15.1529589876,11.5684538468,4.75999583897,-2.71505369184,-8.60742027004,-5.0904141575,0.1,0.5,0.1
1.35,0.201919330664,-0.00676431308909,-7.81116187188,-5.13708027784,4.88924560019,8.42617270538,15.2187497133,11.625621127,15.1996826393,11.5408215562,4.67236517097,-2.76322905925,-8.76306680044,-4.81753674102,0.1,0.5,0.1
1.36,0.0225179565993,-0.0694599049136,-8.99014775377,-4.43384592369,4.67242367067,8.41379413999,15.1640678547,11.6423198037,15.2455152845,11.5127352751,4.58326451855,-2.80862810922,-8.91006524188,-4.5399049974,0.1,0.5,0.1
1.37,0.0217447722788,-0.176916502636,-9.69228313769,-3.76530434723,4.60803766419,8.57216062204,15.2459374283,11.506440862,15.2904431027,11.4842232148,4.4927818133,-2.85120603838,-9.04827052466,-4.25779291565,0.1,0.5,0.1
1.38,0.032062601883,-0.0137179093215,-9.35485654603,-4.40906272722,4.6639010428,8.70909949617,15.3800640727,11.3960019488,15.3344531662,11.4553140065,4.40100635074,-2.89092082744,-9.17754625684,-3.97147890635,0.1,0.5,0.1
1.39,0.0871420298835,-0.0165001946709,-9.56326207909,-3.23964995131,4.63351123648,8.60292835915,15.5094007755,11.4547461302,15.3775334532,11.4260366737,4.30802870215,-2.92773328271,-9.29776485888,-3.68124552685,0.1,0.5,0.1
1.4,0.057336698444,0.0300698071572,-8.75930500258,-4.17512263369,4.60359865097,8.48774924033,15.6082609738,11.4231614162,15.4196728594,11.3964206029,4.21394062525,-2.96160707473,-9.40880768954,-3.38737920245,0.1,0.5,0.1
1.41,0.128447731636,-0.0660997643146,-8.93887069862,-1.74901082258,4.50027283615,8.71514088779,15.4727796616,11.3094770561,15.4608612092,11.3664955152,4.11883497362,-2.99250877417,-9.51056516295,-3.09016994375,0.1,0.5,0.1
1.42,0.187552016124,-0.108439737667,-9.78220941194,-2.2613627828,4.30101357787,8.74777473013,15.6101339987,11.2504208797,15.5010892652,11.3362914363,4.02280560505,-3.02040788478,-9.60293685677,-2.78991106039,0.1,0.5,0.1
1.43,-0.00552622862037,0.105402267203,-9.05211112467,-2.57599648283,4.53554328023,8.55133272966,15.4894100457,11.1425375279,15.5403487381,11.3058386676,3.92594728894,-3.04527687349,-9.68583161129,-2.48689887165,0.1,0.5,0.1
1.44,0.0788613669213,0.1117896928,-8.93437596293,-1.62422971993,4.48653771848,8.66178327058,15.5514531031,11.2004794798,15.5786322942,11.2751677556,3.82835561275,-3.06709119763,-9.75916761939,-2.18143241397,0.1,0.5,0.1
1.45,0.0660450830609,0.0789499347355,-9.65067453499,-1.25075258488,4.45085766798,8.68484957896,15.7095017547,11.4522487871,15.6159335631,11.2443094623,3.73012688767,-3.08582932909,-9.82287250729,-1.87381314586,0.1,0.5,0.1
1.46,-0.0376984048965,-0.203063690269,-9.5024156012,-2.14056192668,4.13544161837,8.60935465078,15.7360011644,11.1592229519,15.6522471437,11.2132947346,3.63135805361,-3.10147277559,-9.87688340595,-1.5643446504,0.1,0.5,0.1
1.47,-0.0848308212768,-0.146397142268,-9.97798670171,-1.79580486529,4.21596314632,8.89707748523,15.6692196659,11.0992526427,15.6875686095,11.1821546736,3.53214658348,-3.11400609895,-9.92114701314,-1.25333233564,0.1,0.5,0.1
1.48,0.347809803251,-0.119232375953,-10.2135220339,-0.922205330441,4.21470099364,8.87522321696,15.5410213204,11.094096333,15.7218945134,11.1509205043,3.43259038702,-3.12341693028,-9.95561964603,-0.941083133185,0.1,0.5,0.1
1.49,-0.0649021714781,-0.185577015269,-9.3494369855,-0.766628122109,4.2325217901,8.84486455153,15.7850011176,11.1240697486,15.7552223905,11.1196235445,3.33278771418,-3.12969598224,-9.98026728428,-0.627905195293,0.1,0.5,0.1
1.5,-0.0075636239187,-0.00579489271406,-8.81425705747,0.244402756717,4.11523074774,8.93750907476,15.8306416181,10.966002737,15.7875507611,11.0882951739,3.23283705814,-3.13283705814,-9.99506560366,-0.314107590781,0.1,0.5,0.1
1.51,0.0165215373648,-0.0890127457407,-9.35218595185,-0.258161061106,4.35322861345,9.11812533483,15.7400296648,10.9367201299,15.8188791317,11.0569668033,3.13283705814,-3.13283705814,-10.0,3.36902272573e-14,0.1,0.5,0.1
1.52,0.0912004550085,-0.0674283099683,-10.8997703712,0.979970276132,4.34306830298,8.90004945366,15.7051858228,11.1629471555,15.8492079957,11.0256698435,3.03288640211,-3.12969598224,-9.99506560366,0.314107590781,0.1,0.5,0.1
1.53,0.113811417501,-0.0568901014628,-10.4452921193,0.083147813653,4.15797515448,8.96386087836,15.6918683957,11.0214921904,15.878538833,10.9944356742,2.93308372926,-3.12341693028,-9.98026728428,0.627905195293,0.1,0.5,0.1
1.54,-0.0977048562312,-0.133784693813,-9.88946535106,0.887688532331,4.23101216914,9.25740633523,15.8089186393,10.9777173844,15.9068741083,10.9632956132,2.8335275328,-3.11400609895,-9.95561964603,0.941083133185,0.1,0.5,0.1
1.55,0.063711705204,-0.0723488758935,-10.3590789672,0.383121561805,4.04725774842,9.01506101351,15.8144652474,10.8470174748,15.9342172689,10.9322808854,2.73431606267,-3.10147277559,-9.92114701314,1.25333233564,0.1,0.5,0.1
1.56,0.094214567823,0.0867285351587,-9.8721648596,1.89400333164,3.91467337589,9.08512739063,16.0505578212,10.8178590267,15.9605727412,10.9014225921,2.63554722861,-3.08582932909,-9.87688340595,1.5643446504,0.1,0.5,0.1
1.57,-0.0200463283533,0.0189057446784,-9.962216815,1.98493859113,4.02529677904,8.98201151952,15.9614137244,10.8911192591,15.9859459263,10.8707516801,2.53731850354,-3.06709119763,-9.82287250729,1.87381314586,0.1,0.5,0.1
1.58,-0.0137944733788,0.0878136550153,-10.6187113375,2.30072194669,3.95669503381,9.11849914864,16.0207833752,10.6764289457,16.0103431945,10.8402989114,2.43972682735,-3.04527687349,-9.75916761939,2.18143241397,0.1,0.5,0.1
1.59,0.0896791145916,-0.194940985108,-9.0689328972,2.27981844607,3.98778094965,9.13832580272,15.9552932978,10.9168019932,16.0337718796,10.8100948326,2.34286851123,-3.02040788478,-9.68583161129,2.48689887165,0.1,0.5,0.1
1.6,-0.000567219608315,-0.0697331087632,-10.0731261631,2.20552767955,3.93777449797,9.26396371354,16.1394753749,10.7134758223,16.0562402711,10.7801697448,2.24683914267,-2.99250877417,-9.60293685677,2.78991106039,0.1,0.5,0.1
1.61,-0.158516787989,0.00516173875807,-9.23037522822,2.82630250812,3.87168809553,9.46054676386,16.0579661125,10.837692678,16.077757606,10.7505536741,2.15173349104,-2.96160707473,-9.51056516295,3.09016994375,0.1,0.5,0.1
1.62,0.156079873281,-0.151505107198,-9.24772801826,4.17313727524,3.84049128388,9.29684950621,15.9770028508,10.5688504707,16.0983340601,10.7212763413,2.05764541414,-2.92773328271,-9.40880768954,3.38737920245,0.1,0.5,0.1
1.63,-0.0921500735294,0.142533524881,-8.96962343912,3.20882216066,3.82744971941,9.50592795984,16.1613598818,10.6775480829,16.1179807378,10.692367133,1.96466776555,-2.89092082744,-9.29776485888,3.68124552685,0.1,0.5,0.1
1.64,-0.0811142721473,-0.0591322643068,-8.58615904202,4.08914315586,3.9441893715,9.34687890254,16.3321651875,10.7038116845,16.1367096608,10.6638550726,1.87289230298,-2.85120603838,-9.17754625684,3.97147890635,0.1,0.5,0.1
1.65,0.0833874391851,0.172899735575,-9.58203069969,4.27981697634,3.70917431141,9.43165350206,15.9997336162,10.6599070873,16.1545337568,10.6357687915,1.78240959774,-2.80862810922,-9.04827052466,4.25779291565,0.1,0.5,0.1
1.66,0.0746527566791,0.0122685605917,-8.18498647677,5.50900383878,3.8785872072,9.51863119388,16.0653493572,10.6059228971,16.1714668462,10.6081365009,1.69330894532,-2.76322905925,-8.91006524188,4.5399049974,0.1,0.5,0.1
1.67,0.0803466405168,-0.0563739551368,-8.87262360732,5.41550798759,3.92608402038,9.55953557087,16.2311445205,10.6113830287,16.187523629,10.580985964,1.60567827731,-2.71505369184,-8.76306680044,4.81753674102,0.1,0.5,0.1
1.68,0.266225780546,0.0118802109557,-8.64293186498,5.17916360925,3.94088564176,9.31977584731,16.2679906045,10.5409807995,16.2027196698,10.5543444685,1.51960407461,-2.66414955026,-8.60742027004,5.0904141575,0.1,0.5,0.1
1.69,-0.030155564185,-0.104880820183,-8.48543708173,5.43573778905,3.94357206122,9.42948598727,16.1836131026,10.5456772799,16.2170713826,10.5282387998,1.43517128206,-2.61056687076,-8.44327925502,5.35826794979,0.1,0.5,0.1
1.7,0.00685095161673,0.0138362853848,-8.60304225399,6.14319836863,3.7948179663,9.58980462209,16.2744493021,10.4725749802,16.2305960148,10.5026952144,1.35246322464,-2.55435853298,-8.27080574275,5.62083377852,0.1,0.5,0.1
1.71,0.110001361905,0.00623230020235,-7.6488105548,6.38150907578,3.75078178941,9.35339586585,16.229438347,10.5506825239,16.2433116301,10.4777394144,1.2715615252,-2.49558000775,-8.09016994375,5.87785252292,0.1,0.5,0.1
1.72,0.196601403914,-0.0535474266122,-8.47229296479,6.36094516155,3.49918295669,9.53332577802,16.1419665781,10.3825792149,16.2552370903,10.4533965213,1.19254602396,-2.43428930238,-7.90155012376,6.12907053653,0.1,0.5,0.1
1.73,0.110195364797,-0.059485731793,-8.35073640005,6.86601104949,3.80666627027,9.66958924941,16.356412896,10.4126610716,16.2663920373,10.4296910523,1.11549469968,-2.37054690341,-7.70513242776,6.37423989749,0.1,0.5,0.1
1.74,-0.137094271271,-0.101841427047,-7.50160404419,5.92843684888,3.7496628757,9.58629427956,16.1681895375,10.3661329857,16.2767968732,10.4066468951,1.04048359272,-2.30441571688,-7.5011106963,6.61311865324,0.1,0.5,0.1
1.75,0.0309564929928,0.21890729488,-6.69596421953,6.82760973137,3.65197909032,9.70826516901,16.1335044966,10.5068357823,16.2864727405,10.3842872851,0.967586729978,-2.23596100628,-7.28968627421,6.84547105929,0.1,0.5,0.1
1.76,-0.0252028185168,0.00898289976925,-6.24726871135,6.56493090763,3.69361519537,9.60353033124,16.3560990021,10.0063309744,16.2954415011,10.3626347818,0.896876051859,-2.16525032817,-7.07106781187,7.07106781187,0.1,0.5,0.1
1.77,-0.129286084437,-0.00473935888699,-6.1894426976,8.02528894178,3.53541828477,9.78983536107,16.3703788862,10.1888857352,16.3037257145,10.3417112471,0.828421341266,-2.09235346542,-6.84547105929,7.28968627421,0.1,0.5,0.1
1.78,0.0733322398716,0.171949625983,-6.57075700849,7.74732790695,3.62028515541,9.53329664621,16.3261538924,10.3507981136,16.311348616,10.3215378236,0.762290154734,-2.01734235846,-6.61311865324,7.5011106963,0.1,0.5,0.1
1.79,0.114555454926,0.20373166039,-7.04518417127,8.29378491076,3.73981110872,9.54540901422,16.1062907896,10.1721671638,16.3183340936,10.3021349132,0.698547755759,-1.94029103418,-6.37423989749,7.70513242776,0.1,0.5,0.1
1.8,-0.0395822549661,0.177883070369,-5.58181214977,7.21835972536,3.87248508615,9.60210195947,16.3322842539,10.3704477611,16.3247066641,10.2835221579,0.637257050394,-1.86127553295,-6.12907053653,7.90155012376,0.1,0.5,0.1
1.81,-0.0332664367385,0.153765826429,-6.29165689804,7.78751096131,3.60721698824,9.77334554618,16.3003344674,10.1314596877,16.3304914493,10.2657184196,0.578478525164,-1.78037383351,-5.87785252292,8.09016994375,0.1,0.5,0.1
1.82,-0.0181809245517,0.0218809080727,-5.55833905596,7.96151540822,3.68285108848,9.65276393744,16.3614458717,10.1844988886,16.3357141512,10.2487417618,0.522270187379,-1.69766577608,-5.62083377852,8.27080574275,0.1,0.5,0.1
1.83,0.0944882231037,0.0217439675763,-4.983746966,8.60434375512,3.57030889561,9.82958354405,16.5231652422,10.224897716,16.3404010263,10.232609432,0.468687507881,-1.61323298353,-5.35826794979,8.44327925502,0.1,0.5,0.1
1.84,-0.0154528689101,-0.182001089819,-4.55509612266,8.19503853966,3.48401009847,9.80069961584,16.2410211123,10.0722508312,16.3445788599,10.2173378442,0.417783366306,-1.52715878083,-5.0904141575,8.60742027004,0.1,0.5,0.1
1.85,-0.00692650725658,0.0310311329266,-4.63036083777,8.79324333361,3.62509060942,10.0024754132,16.4530842149,10.2687487559,16.3482749399,10.202942563,0.369607998896,-1.43952811283,-4.81753674102,8.76306680044,0.1,0.5,0.1
1.86,0.00443187529833,-0.0178292124247,-5.18914505244,8.61061473389,3.60285788971,9.79272064668,16.2384843348,10.1674779657,16.3515170294,10.1894382884,0.324208948922,-1.35042746041,-4.5399049974,8.91006524188,0.1,0.5,0.1
1.87,0.197448486394,0.0777438173454,-3.66829570106,8.64801539793,3.49986285829,9.80362536663,16.2220209783,10.1431538914,16.3543333396,10.1768388409,0.281631019766,-1.25994475516,-4.25779291565,9.04827052466,0.1,0.5,0.1
1.88,0.0244837255075,-0.069654330938,-4.29947538445,9.01061416864,3.57554538753,9.85358159619,16.263011926,10.1330451799,16.3567525019,10.1651571479,0.241916230702,-1.16816929259,-3.97147890635,9.17754625684,0.1,0.5,0.1
1.89,0.148320908911,0.102487089271,-3.49497912198,9.65932029172,3.60099476072,9.8483300797,16.4261569975,10.1306387238,16.3588035397,10.1544052315,0.205103775434,-1.075191644,-3.68124552685,9.29776485888,0.1,0.5,0.1
1.9,-0.118862027495,0.07361553079,-3.94864922331,9.57884081976,3.77414802551,9.85459802565,16.2444491522,10.0638777048,16.3605158395,10.1445941958,0.171229983409,-0.981103567107,-3.38737920245,9.40880768954,0.1,0.5,0.1
1.91,-0.0106474904667,0.0814447464179,-3.47594027841,8.44973122569,3.69740144393,9.71110546489,16.3545158195,10.168207323,16.3619191224,10.1357342167,0.140328283972,-0.885997915478,-3.09016994375,9.51056516295,0.1,0.5,0.1
1.92,0.122253410021,-0.009935309166,-2.2987899135,9.11136756495,3.71898922616,9.84233930249,16.2308265236,10.1057410584,16.3630434141,10.1278345312,0.112429173368,-0.78996854691,-2.78991106039,9.60293685677,0.1,0.5,0.1
1.93,-0.048593227354,-0.0565407892267,-2.36053533527,9.97705351669,3.51631491824,10.124166897,16.394050353,10.1749688655,16.3639190159,10.1209034289,0.0875601846513,-0.693110230797,-2.48689887165,9.68583161129,0.1,0.5,0.1
1.94,-0.0778867681385,-0.121887214212,-2.40047014799,10.1234244426,3.55768609069,9.95927198529,16.3650538168,10.139030007,16.3645764745,10.1149482434,0.0657458605116,-0.595518554604,-2.18143241397,9.75916761939,0.1,0.5,0.1
1.95,-0.0713200176305,-0.126686681796,-2.00646822098,9.19257300554,3.82323103893,9.81126475748,16.2889376784,10.0905240472,16.3650465518,10.1099753451,0.047007729053,-0.497289829531,-1.87381314586,9.82287250729,0.1,0.5,0.1
1.96,0.0395597388168,0.0328111621711,-1.86517405786,10.4134403603,3.59423994524,9.87318159332,16.2699830552,10.1033149615,16.3653601947,10.1059901351,0.031364282549,-0.398520995471,-1.5643446504,9.87688340595,0.1,0.5,0.1
1.97,0.13507333674,0.207601126127,-1.02833718358,9.268450871,3.7389162968,9.80071221349,16.3293886434,10.0730345907,16.3655485042,10.1029970398,0.0188309591926,-0.29930952534,-1.25333233564,9.92114701314,0.1,0.5,0.1
1.98,0.0636650582966,-0.0477549012092,-0.348834104589,10.0286304336,3.5060736167,10.0338452118,16.1394615927,10.1915646581,16.3656427055,10.1009995066,0.00942012786074,-0.199753328879,-0.941083133185,9.95561964603,0.1,0.5,0.1
1.99,0.0473662344546,0.0685241812642,-0.868483684747,8.90766513158,3.58673914098,9.79230378025,16.3154572677,10.1146016812,16.3656741163,10.1,0.00314107590781,-0.0999506560366,-0.627905195293,9.98026728428,0.1,0.5,0.1
2.0,-0.0878612106517,0.0907206476443,0.0680038378296,9.79123515693,3.6185962349,9.99345741886,16.6217161482,9.92666987168,16.3656741163,10.1,-2.27205407266e-15,1.72778458207e-14,-0.314107590781,9.99506560366,0.1,0.5,0.1
2.01,-0.02066562722,-0.0225367276695,-0.745130358207,-9.84917792993,3.69158909677,9.96271529011,16.6120207347,10.3043140242,16.3656741163,10.099,-2.69165115543e-15,-0.1,-4.19597082774e-14,-10.0,0.1,0.5,0.1
2.02,0.103442647209,-0.00014453580396,-0.55892562112,-9.55527168938,3.75013396694,9.7939461999,16.2364207465,10.1146978133,16.3656427055,10.0970004934,-0.00314107590782,-0.199950656037,-0.314107590781,-9.99506560366,0.1,0.5,0.1
2.03,-0.0214160564603,0.109871420573,-0.682659424278,-10.0781686718,3.73514384583,9.81889871614,16.2633863686,10.0618248828,16.3655485042,10.0940029602,-0.00942012786075,-0.299753328879,-0.627905195293,-9.98026728428,0.1,0.5,0.1
2.04,0.035367111213,0.099132585313,-0.426808519247,-10.1078695377,3.77978417309,9.88351367447,16.348441808,10.0982956302,16.3653601947,10.0900098649,-0.0188309591926,-0.39930952534,-0.941083133185,-9.95561964603,0.1,0.5,0.1
2.05,-0.0429590426058,-0.0199225761633,-0.620557388629,-9.38222597862,3.62311460918,10.0002975464,16.2292248941,10.0644031486,16.3650465518,10.0850246549,-0.031364282549,-0.498520995471,-1.25333233564,-9.92114701314,0.1,0.5,0.1
2.06,-0.235842830775,-0.0055758630378,-2.40549949619,-9.62804484428,3.64236354098,9.80036515283,16.3580041143,9.85758817935,16.3645764745,10.0790517566,-0.0470077290531,-0.597289829531,-1.5643446504,-9.87688340595,0.1,0.5,0.1
2.07,0.0309781943823,-0.134775810168,-1.42797210714,-9.92140154694,3.6026384814,9.98178662282,16.5224384636,10.239596743,16.3639190159,10.0720965711,-0.0657458605116,-0.695518554604,-1.87381314586,-9.82287250729,0.1,0.5,0.1
2.08,0.0337747170272,0.0698226301234,-1.45258154073,-10.271590513,3.56962439705,9.86774338859,16.3564947605,10.1226151736,16.3630434141,10.0641654688,-0.0875601846513,-0.793110230797,-2.18143241397,-9.75916761939,0.1,0.5,0.1
2.09,-0.0983707951163,0.147669547236,-1.84575517228,-9.31138282191,3.68890593244,9.88915678122,16.4183730801,10.1891156369,16.3619191224,10.0552657833,-0.112429173368,-0.88996854691,-2.48689887165,-9.68583161129,0.1,0.5,0.1
2.1,0.02294222582,-0.105075347922,-2.29053818481,-9.85792804263,3.69586355452,9.8121396535,16.5962157776,9.9038243109,16.3605158395,10.0454058042,-0.140328283972,-0.985997915478,-2.78991106039,-9.60293685677,0.1,0.5,0.1
2.11,-0.132397613318,0.0509183207131,-3.31175081157,-8.58980074573,3.56061636697,9.85190611542,16.3882421588,10.0480212997,16.3588035397,10.0345947685,-0.171229983409,-1.08110356711,-3.09016994375,-9.51056516295,0.1,0.5,0.1
2.12,-0.0151509734866,-0.120120810491,-3.45770526526,-9.16536437097,3.617568138,9.99394447634,16.2429286467,10.0586762256,16.3567525019,10.0228428521,-0.205103775434,-1.175191644,-3.38737920245,-9.40880768954,0.1,0.5,0.1
2.13,0.0309115022772,0.0705078921866,-3.40994343154,-9.68105676578,3.61419735356,10.0109256943,16.1392335471,9.90328173658,16.3543333396,10.0101611591,-0.241916230702,-1.26816929259,-3.68124552685,-9.29776485888,0.1,0.5,0.1
2.14,-0.00257665988461,-0.00152245391611,-3.58008722845,-10.1587038757,3.7531617586,9.93982880054,16.3439994127,9.83289664585,16.3515170294,9.99656171158,-0.281631019766,-1.35994475516,-3.97147890635,-9.17754625684,0.1,0.5,0.1
2.15,0.000691706304869,0.105278083294,-3.83520870185,-8.9473014956,3.50675614936,9.85627387557,16.3238200337,10.2085139191,16.3482749399,9.98205743698,-0.324208948922,-1.45042746041,-4.25779291565,-9.04827052466,0.1,0.5,0.1
2.16,0.0980304359117,0.259079389048,-3.97581986693,-8.61012210593,3.77242616858,10.0853014549,16.2650555614,9.88522965177,16.3445788599,9.96666215585,-0.369607998896,-1.53952811283,-4.5399049974,-8.91006524188,0.1,0.5,0.1
2.17,0.0732483397722,-0.0448128610102,-4.51907668978,-8.3508599133,3.5292857279,9.97437513085,16.2902489455,9.99520539676,16.3404010263,9.95039056804,-0.417783366306,-1.62715878083,-4.81753674102,-8.76306680044,0.1,0.5,0.1
2.18,0.0377555035054,-0.0325639423285,-4.11734194203,-8.2031192675,3.8317950922,10.1237030166,16.4779553,9.92401879884,16.3357141512,9.93325823821,-0.468687507881,-1.71323298353,-5.0904141575,-8.60742027004,0.1,0.5,0.1
2.19,-0.0943289099019,0.0122857909846,-5.7642701376,-8.21678476808,3.58546153655,10.1659462953,16.2221705143,9.92017601454,16.3304914493,9.91528158044,-0.522270187379,-1.79766577608,-5.35826794979,-8.44327925502,0.1,0.5,0.1
2.2,0.0467190574196,0.174472953512,-5.12153070914,-8.61650976754,3.71081861471,10.1071314387,16.2475490293,10.0442124153,16.3247066641,9.89647784211,-0.578478525164,-1.88037383351,-5.62083377852,-8.27080574275,0.1,0.5,0.1
2.21,-0.0479027266999,-0.0774457011351,-5.77180535669,-8.25176382706,3.5181770206,10.0050128502,16.4384047727,9.8544101626,16.3183340936,9.87686508678,-0.637257050394,-1.96127553295,-5.87785252292,-8.09016994375,0.1,0.5,0.1
2.22,-0.10398883696,-0.0559877513045,-5.93340703565,-8.38906984909,3.67260549358,10.2726066829,16.4585730758,9.65845941687,16.311348616,9.85646217644,-0.698547755759,-2.04029103418,-6.12907053653,-7.90155012376,0.1,0.5,0.1
2.23,0.152461768224,0.165638229183,-6.65375366169,-7.8141403135,3.57607750359,10.0815969349,16.462848917,9.75185384156,16.3037257145,9.83528875285,-0.762290154734,-2.11734235846,-6.37423989749,-7.70513242776,0.1,0.5,0.1
2.24,0.102175771761,0.117637337901,-6.42665934821,-7.90221152649,3.81469970953,10.2229250594,16.1536826395,9.81170502923,16.2954415011,9.8133652182,-0.828421341266,-2.19235346542,-6.61311865324,-7.5011106963,0.1,0.5,0.1
2.25,-0.130728950548,-0.028514757523,-7.89157519018,-7.20997892836,3.68862437173,10.1230232354,16.2589287611,9.7415243541,16.2864727405,9.79071271492,-0.896876051859,-2.26525032817,-6.84547105929,-7.28968627421,0.1,0.5,0.1
2.26,0.030347407352,0.00962660058662,-6.93549180852,-7.05057955601,3.81934566145,10.2615246158,16.3272376701,9.91314998966,16.2767968732,9.76735310485,-0.967586729978,-2.33596100628,-7.07106781187,-7.07106781187,0.1,0.5,0.1
2.27,0.142839786867,-0.0501297777971,-7.29147333141,-7.44244100138,3.77417184269,10.3072766199,16.4009113773,9.61650166601,16.2663920373,9.74330894769,-1.04048359272,-2.40441571688,-7.28968627421,-6.84547105929,0.1,0.5,0.1
2.28,-0.0031660106956,0.00425318131185,-7.37336504616,-7.18448303545,3.86112424665,10.135703752,16.2038419042,9.64765126187,16.2552370903,9.71860347865,-1.11549469968,-2.47054690341,-7.5011106963,-6.61311865324,0.1,0.5,0.1
2.29,-0.177735243905,-0.123824651917,-7.5093821149,-7.03455401432,3.74735182058,10.2558886942,16.0966932471,9.69526445131,16.2433116301,9.69326058563,-1.19254602396,-2.53428930238,-7.70513242776,-6.37423989749,0.1,0.5,0.1
2.3,0.0556974279312,-0.115393992189,-9.003555309,-5.77398000257,3.66763452534,10.4105470141,16.2825339862,9.72537986202,16.2305960148,9.66730478555,-1.2715615252,-2.59558000775,-7.90155012376,-6.12907053653,0.1,0.5,0.1
2.31,-0.02908712624,-0.160529590073,-8.37127656579,-5.82062238332,3.81796310177,10.3720076796,16.1878628364,9.75540480665,16.2170713826,9.64076120022,-1.35246322464,-2.65435853298,-8.09016994375,-5.87785252292,0.1,0.5,0.1
2.32,-0.0458729653535,-0.104619268403,-8.91553118913,-4.63853036126,3.84647270652,10.4489814808,16.1527555959,9.73256499835,16.2027196698,9.61365553151,-1.43517128206,-2.71056687076,-8.27080574275,-5.62083377852,0.1,0.5,0.1
2.33,0.0748601762581,0.0223741882775,-8.85772031577,-5.47914824448,3.84250770363,10.5208817549,16.0586067768,9.64786673408,16.187523629,9.58601403601,-1.51960407461,-2.76414955026,-8.44327925502,-5.35826794979,0.1,0.5,0.1
2.34,0.00246259473058,0.0935118092236,-8.62811336242,-5.26002018361,3.87126824099,10.4144384231,16.2727801818,9.61041212678,16.1714668462,9.55786349909,-1.60567827731,-2.81505369184,-8.60742027004,-5.0904141575,0.1,0.5,0.1
2.35,-0.125173941985,-0.0117033765693,-8.69938625688,-4.86986639449,3.98769857912,10.2877384275,16.0609147853,9.60177590833,16.1545337568,9.5292312085,-1.69330894532,-2.86322905925,-8.76306680044,-4.81753674102,0.1,0.5,0.1
2.36,-0.125403440725,-0.0222990072336,-8.29342812914,-3.98855310077,3.91581774149,10.4411801835,16.2214405102,9.42720409085,16.1367096608,9.50014492741,-1.78240959774,-2.90862810922,-8.91006524188,-4.5399049974,0.1,0.5,0.1
2.37,-0.237560008633,0.0277072791655,-9.60462926072,-3.92267331031,3.7815973641,10.4753574998,16.1792688286,9.48163363932,16.1179807378,9.47063286702,-1.87289230298,-2.95120603838,-9.04827052466,-4.25779291565,0.1,0.5,0.1
2.38,0.0562795272148,-0.15811920952,-9.24252459762,-3.25943138608,3.71561895239,10.8223498878,16.1175854951,9.29022193962,16.0983340601,9.44072365875,-1.96466776555,-2.99092082744,-9.17754625684,-3.97147890635,0.1,0.5,0.1
2.39,0.0451279178941,-0.118301801613,-9.95961391015,-3.69914631233,3.85017462786,10.6022071084,15.9781144943,9.50459917934,16.077757606,9.41044632592,-2.05764541414,-3.02773328271,-9.29776485888,-3.68124552685,0.1,0.5,0.1
2.4,-0.0339153018041,-0.1070014724,-9.40910748289,-2.77909805726,4.03428780124,10.4740159751,16.199983994,9.49265981749,16.0562402711,9.37983025517,-2.15173349104,-3.06160707473,-9.40880768954,-3.38737920245,0.1,0.5,0.1
2.41,-0.120763856408,-0.114490211049,-9.33164276965,-1.97074880329,3.99877773318,10.4868540147,16.0997659364,9.16659709174,16.0337718796,9.34890516743,-2.24683914267,-3.09250877417,-9.51056516295,-3.09016994375,0.1,0.5,0.1
2.42,-0.124075705383,0.0297112945823,-9.52934133643,-2.84968661942,4.00460904575,10.4339926411,16.0110209582,9.27539966355,16.0103431945,9.31770108859,-2.34286851123,-3.12040788478,-9.60293685677,-2.78991106039,0.1,0.5,0.1
2.43,-0.102574931238,0.131137046204,-9.00185220074,-2.09149085563,4.26081999638,10.6902653611,15.9962109605,9.23780440405,15.9859459263,9.28624831985,-2.43972682735,-3.14527687349,-9.68583161129,-2.48689887165,0.1,0.5,0.1
2.44,0.0122638830799,-0.0484745353365,-9.78673060922,-2.51476612111,3.98078488377,10.6420600549,15.9715166883,9.38295164349,15.9605727412,9.25457740787,-2.53731850354,-3.16709119763,-9.75916761939,-2.18143241397,0.1,0.5,0.1
2.45,0.220745393237,-0.284947318848,-10.3483343879,-1.31595053354,4.31602163661,10.6520267014,15.991645159,9.10164094361,15.9342172689,9.22271911458,-2.63554722861,-3.18582932909,-9.82287250729,-1.87381314586,0.1,0.5,0.1
2.46,-0.073158392228,-0.0428012112722,-9.97823742512,-0.976568652126,4.23066324106,10.846749965,15.7855676952,9.25661446175,15.9068741083,9.19070438683,-2.73431606267,-3.20147277559,-9.87688340595,-1.5643446504,0.1,0.5,0.1
2.47,-0.0237196131676,0.017638191446,-10.0300657224,-1.49468809265,4.1190892389,10.8984121796,15.9106988344,9.35089737591,15.878538833,9.15856432584,-2.8335275328,-3.21400609895,-9.92114701314,-1.25333233564,0.1,0.5,0.1
2.48,0.160401581768,-0.0727697135129,-10.2297238445,-0.961414207147,4.14337976354,10.7980686283,15.9688979825,8.93398877309,15.8492079957,9.12633015653,-2.93308372926,-3.22341693028,-9.95561964603,-0.941083133185,0.1,0.5,0.1
2.49,0.0992580335731,0.024258370705,-10.8304140343,-0.45090497038,4.23433417252,11.0148602425,15.6746067772,8.92063858571,15.8188791317,9.09403319671,-3.03288640211,-3.22969598224,-9.98026728428,-0.627905195293,0.1,0.5,0.1
2.5,-0.125435479407,0.0580766005947,-9.28312857755,-0.604332609862,4.47100754318,10.9417672146,15.8135348081,8.89153482778,15.7875507611,9.06170482613,-3.13283705814,-3.23283705814,-9.99506560366,-0.314107590782,0.1,0.5,0.1
2.51,-0.0909321158442,-0.133289891869,-10.4327578464,0.358439810643,4.23055752964,11.0438708989,15.8092161733,8.88275729369,15.7552223905,9.02937645555,-3.23283705814,-3.23283705814,-10.0,-2.96160394386e-13,0.1,0.5,0.1
2.52,-0.0471025406879,-0.0468402670602,-10.5534772275,0.189751250713,4.07764678938,11.1673207934,15.7427316347,8.94123448843,15.7218945134,8.99707949573,-3.33278771418,-3.22969598224,-9.99506560366,0.314107590781,0.1,0.5,0.1
2.53,-0.156320289631,-0.141099577272,-9.5261809443,1.15445260918,4.15771368515,11.1446609711,15.5429350679,9.05341000529,15.6875686095,8.96484532642,-3.43259038702,-3.22341693028,-9.98026728428,0.627905195293,0.1,0.5,0.1
2.54,-0.0390765640891,-0.123026791922,-9.94760615741,0.695820397622,4.41214648544,11.0836800972,15.629451973,8.78758262487,15.6522471437,8.93270526543,-3.53214658348,-3.21400609895,-9.95561964603,0.941083133185,0.1,0.5,0.1
2.55,0.0128537382172,-0.108731750451,-9.70307793913,1.60827422638,4.36907298024,11.2324147168,15.5792984823,8.870550354,15.6159335631,8.90069053768,-3.63135805361,-3.20147277559,-9.92114701314,1.25333233564,0.1,0.5,0.1
2.56,0.0415119547535,0.113973828645,-9.92840495057,1.95250800577,4.31562449866,11.151886472,15.3760100167,8.84729593322,15.5786322942,8.86883224439,-3.73012688767,-3.18582932909,-9.87688340595,1.5643446504,0.1,0.5,0.1
2.57,-0.0271725369008,0.0216637694099,-10.4536371449,2.13912104385,4.30291086242,11.0966572946,15.5182938332,8.77520610473,15.5403487381,8.83716133241,-3.82835561275,-3.16709119763,-9.82287250729,1.87381314586,0.1,0.5,0.1
2.58,-0.142135004253,0.0700414382116,-9.98046786038,0.412842454442,4.49189183548,11.1271901277,15.601085299,8.7601660202,15.5010892652,8.80570856368,-3.92594728894,-3.14527687349,-9.75916761939,2.18143241397,0.1,0.5,0.1
2.59,0.0980370756142,0.00555199132404,-9.37960310459,2.58747519369,4.41238758851,11.2214667998,15.5246905683,8.97117794226,15.4608612092,8.77450448483,-4.02280560505,-3.12040788478,-9.68583161129,2.48689887165,0.1,0.5,0.1
2.6,-0.0185270297081,-0.0543946221146,-10.1144841484,2.58398309131,4.63612735004,11.2530295796,15.241414502,8.80688393756,15.4196728594,8.74357939709,-4.11883497362,-3.09250877417,-9.60293685677,2.78991106039,0.1,0.5,0.1
2.61,-0.157452663694,0.0206733798531,-8.81086917568,3.27533978481,4.5778130179,11.2485798315,15.2208022831,8.52953874777,15.3775334532,8.71296332634,-4.21394062525,-3.06160707473,-9.51056516295,3.09016994375,0.1,0.5,0.1
2.62,-0.11414038368,0.00452160822121,-9.46240956228,4.41213161077,4.82209314328,11.3121474919,15.3327676919,8.70578472849,15.3344531662,8.68268599351,-4.30802870215,-3.02773328271,-9.40880768954,3.38737920245,0.1,0.5,0.1
2.63,0.0276134432095,-0.0612991006611,-9.0154251135,3.00911511517,4.64539052794,11.4474890238,15.3055345779,8.79874203972,15.2904431027,8.65277678524,-4.40100635074,-2.99092082744,-9.29776485888,3.68124552685,0.1,0.5,0.1
2.64,0.120143592762,0.0318745624799,-9.36917553531,4.11459652738,4.61944953983,11.4066041062,15.2521382826,8.64483993632,15.2455152845,8.62326472485,-4.4927818133,-2.95120603838,-9.17754625684,3.97147890635,0.1,0.5,0.1
2.65,0.102167212251,-0.0472240372327,-8.67636900409,3.85422598248,4.84099546958,11.3787997943,15.2227186333,8.59068378253,15.1996826393,8.59417844376,-4.58326451855,-2.90862810922,-9.04827052466,4.25779291565,0.1,0.5,0.1
2.66,-0.0779875247257,-0.0368156518013,-8.21864906471,3.44018903612,4.69691516378,11.3211943673,14.9692695815,8.61174430689,15.1529589876,8.56554615317,-4.67236517097,-2.86322905925,-8.91006524188,4.5399049974,0.1,0.5,0.1
2.67,0.0521514797214,-0.229004690339,-8.90707298145,3.91655137132,4.90709895281,11.4411655221,14.9618008531,8.57560782626,15.1053590292,8.53739561625,-4.75999583897,-2.81505369184,-8.76306680044,4.81753674102,0.1,0.5,0.1
2.68,-0.025663862943,0.137776014176,-8.37831837396,4.90782654963,4.90423172056,11.4829293683,15.0948577936,8.6016509395,15.0568983288,8.50975412075,-4.84607004167,-2.76414955026,-8.60742027004,5.0904141575,0.1,0.5,0.1
2.69,-0.164512047436,0.0170028999224,-9.09626120952,4.92982328705,5.25324009662,11.4152266396,14.9425425845,8.53607106022,15.0075933005,8.48264845204,-4.93050283422,-2.71056687076,-8.44327925502,5.35826794979,0.1,0.5,0.1
2.7,0.00754123510247,-0.149460841285,-7.83796900516,5.54087425372,5.00899504941,11.5880080189,15.0640326328,8.32284608388,14.9574611916,8.45610486671,-5.01321089165,-2.65435853298,-8.27080574275,5.62083377852,0.1,0.5,0.1
2.71,0.0510282482761,-0.0331124718145,-9.37831174431,5.53325650493,5.09851975675,11.5726639387,14.9620039045,8.30158941694,14.9065200657,8.43014906663,-5.09411259109,-2.59558000775,-8.09016994375,5.87785252292,0.1,0.5,0.1
2.72,0.103292572975,-0.173510258244,-7.87107050696,5.87233364698,5.14215022561,11.5779666269,14.712979831,8.31023208079,14.8547887847,8.40480617361,-5.17312809233,-2.53428930238,-7.90155012376,6.12907053653,0.1,0.5,0.1
2.73,-0.0814090338714,-0.145933972096,-7.71778211925,7.86968744639,5.28667715424,11.5541021589,14.8724080248,8.42403715308,14.8022869906,8.38010070458,-5.2501794166,-2.47054690341,-7.70513242776,6.37423989749,0.1,0.5,0.1
2.74,-0.0854131087639,-0.0606969591679,-7.25078249039,6.61511853291,5.22841668549,11.6420385947,14.6928294828,8.59193284343,14.7490350853,8.35605654741,-5.32519052357,-2.40441571688,-7.5011106963,6.61311865324,0.1,0.5,0.1
2.75,-0.119186499476,-0.140759881626,-7.79432399049,7.21326764266,5.24821026727,11.69425845,14.7334406324,8.21776991126,14.6950542115,8.33269693734,-5.39808738631,-2.33596100628,-7.28968627421,6.84547105929,0.1,0.5,0.1
2.76,-0.0447329165978,-0.114204942099,-6.41734325244,6.44466227881,5.45159775106,11.6740569087,14.6120952551,8.29391478158,14.6403662308,8.31004443406,-5.46879806443,-2.26525032817,-7.07106781187,7.07106781187,0.1,0.5,0.1
2.77,-0.163061241646,-0.118672039459,-6.47796405143,6.4321403239,5.44539623799,11.8006336676,14.7239061456,8.1217914096,14.5849937031,8.28812089941,-5.53725277502,-2.19235346542,-6.84547105929,7.28968627421,0.1,0.5,0.1
2.78,-0.0966964502246,-0.0824001822349,-7.24716654901,7.47037655739,5.46499614724,11.5923331535,14.6803501357,8.39855417508,14.5289598635,8.26694747582,-5.60338396155,-2.11734235846,-6.61311865324,7.5011106963,0.1,0.5,0.1
2.79,0.0405375386854,0.0094226525068,-6.02464104945,8.05566863311,5.5450766381,11.7262361885,14.5322007368,8.19071660508,14.4722885999,8.24654456548,-5.66712636053,-2.04029103418,-6.37423989749,7.70513242776,0.1,0.5,0.1
2.8,0.0806516669998,-0.0121488592522,-5.69686246224,8.18129384971,5.63965229907,11.7391313717,14.2987037854,8.03155777875,14.4150044292,8.22693181015,-5.72841706589,-1.96127553295,-6.12907053653,7.90155012376,0.1,0.5,0.1
2.81,-0.0115244597387,-0.00583612982886,-5.76378748311,9.09448048782,5.41435103418,11.6980389807,14.2162249397,8.10919365452,14.3571324733,8.20812807182,-5.78719559112,-1.88037383351,-5.87785252293,8.09016994375,0.1,0.5,0.1
2.82,-0.060434380252,0.0105698033082,-5.33773505157,8.39253526918,5.8121790444,11.7994971854,14.2548020203,8.16237140483,14.298698434,8.19015141406,-5.84340392891,-1.79766577608,-5.62083377852,8.27080574275,0.1,0.5,0.1
2.83,-0.207080409964,0.0745313023655,-5.63361369321,8.46527504264,5.58340342672,12.0449213377,14.3821220967,8.33611962665,14.2397285679,8.17301908422,-5.89698660841,-1.71323298353,-5.35826794979,8.44327925502,0.1,0.5,0.1
2.84,-0.126199447117,0.0191936168983,-5.66493349474,8.67694671136,5.82021126491,11.9764501769,14.0992781382,8.29080639379,14.1802496604,8.15674749641,-5.94789074998,-1.62715878083,-5.0904141575,8.60742027004,0.1,0.5,0.1
2.85,-0.0568708155849,-0.00885820969547,-4.39227930898,8.95758223446,5.75077097805,11.9076252497,14.0814101114,8.2512692316,14.1202889992,8.14135221528,-5.99606611739,-1.53952811283,-4.81753674102,8.76306680044,0.1,0.5,0.1
2.86,-0.090671277517,-0.144369050473,-3.30673917976,9.19481478492,5.87723011525,11.6826394481,14.1283649822,8.16601052534,14.0598743476,8.12684794068,-6.04146516737,-1.45042746041,-4.5399049974,8.91006524188,0.1,0.5,0.1
2.87,-0.061318609999,0.0853108740618,-4.28561009836,9.33448508689,5.95306840097,11.7976530731,13.9815103499,7.98874548425,13.9990339166,8.11324849313,-6.08404309652,-1.35994475516,-4.25779291565,9.04827052466,0.1,0.5,0.1
2.88,-0.0135106112835,0.109476655376,-4.35477976749,8.84464300897,5.90868179633,11.8970312524,13.8193687632,8.30738984438,13.9377963377,8.1005668002,-6.12375788559,-1.26816929259,-3.97147890635,9.17754625684,0.1,0.5,0.1
2.89,-0.162449874322,-0.0724440127924,-4.39544277874,9.74017009378,6.10097706975,11.8746068075,13.9179873035,8.00300932076,13.8761906343,8.08881488376,-6.16057034085,-1.175191644,-3.68124552685,9.29776485888,0.1,0.5,0.1
2.9,-0.107521690722,-0.0301878540832,-3.83093804085,8.67524299855,6.24472727349,11.7514510048,13.6003970907,7.89647756656,13.814246193,8.07800384809,-6.19444413288,-1.08110356711,-3.38737920245,9.40880768954,0.1,0.5,0.1
2.91,0.0888307125188,-0.121635403902,-2.67469768285,10.3805442382,6.31286079234,11.9844785546,13.615513978,8.13127241759,13.7519927347,8.06814386894,-6.22534583232,-0.985997915478,-3.09016994375,9.51056516295,0.1,0.5,0.1
2.92,-0.134367190327,-0.0602206370995,-3.06589690788,9.44419460806,6.25646373715,12.0181649922,13.63354546,8.07338459731,13.6894602852,8.05924418347,-6.25324494292,-0.88996854691,-2.78991106039,9.60293685677,0.1,0.5,0.1
2.93,-0.141593850037,0.0507216582532,-2.94011285359,9.07461800417,6.55641265317,11.9534533171,13.7266718984,8.10099668514,13.6266791459,8.05131308116,-6.27811393164,-0.793110230798,-2.48689887165,9.68583161129,0.1,0.5,0.1
2.94,0.141728188218,-0.0445641856176,-1.45334043972,8.971690802,6.51312763502,11.8476329898,13.481454277,8.03160038296,13.5636798634,8.04435789561,-6.29992825578,-0.695518554604,-2.18143241397,9.75916761939,0.1,0.5,0.1
2.95,0.0802357030927,-0.0846743591723,-1.79813963126,10.0860312449,6.5877974133,12.0354104435,13.3778172522,8.10096801264,13.5004931995,8.03838499732,-6.31866638723,-0.597289829531,-1.87381314586,9.82287250729,0.1,0.5,0.1
2.96,-0.213273157032,0.0251742186395,-2.08959214722,9.54077103462,6.53950172516,11.9297135627,13.4031231564,8.02746089537,13.4371501012,8.03339978736,-6.33430983374,-0.498520995471,-1.5643446504,9.87688340595,0.1,0.5,0.1
2.97,-0.0693339248017,-0.0135727477532,-1.75445200214,8.90008142005,6.73612685921,12.0023145337,13.1783611398,8.0797881918,13.3736816696,8.02940669211,-6.34684315709,-0.39930952534,-1.25333233564,9.92114701314,0.1,0.5,0.1
2.98,-0.159530073762,0.0274358239946,-0.343188477455,10.0936868115,6.72429753042,12.0335908165,13.4178770708,8.05532648461,13.3101191297,8.02640915882,-6.35625398843,-0.29975332888,-0.941083133186,9.95561964603,0.1,0.5,0.1
2.99,0.173298116064,-0.00372504141197,-0.162136869004,9.92390592071,6.85503799799,12.0676834311,13.0855965349,8.09236692558,13.2464937993,8.02440965226,-6.36253304038,-0.199950656037,-0.627905195294,9.98026728428,0.1,0.5,0.1
3.0,-0.029790089289,0.0128186835186,-0.986898375967,9.43083411499,6.82786233193,11.8638723445,13.2497111974,8.1931838251,13.1828370581,8.02340965226,-6.36567411629,-0.1,-0.314107590782,9.99506560366,0.1,0.5,0.1
3.01,-0.225421561504,-0.194626648908,-0.190963723983,10.5628636674,6.93125118472,11.8800426678,12.9988149084,7.95846249895,13.119180317,8.02340965226,-6.36567411629,-1.69822489404e-13,-6.25398712852e-13,10.0,0.1,0.5,0.1
3.02,-0.0114812449504,0.0946470436213,-0.24874856816,9.31614975924,6.83157813238,11.881664495,13.0844952531,7.82170956761,13.0555549866,8.02440915882,-6.36253304038,0.0999506560364,0.314107590781,9.99506560366,0.1,0.5,0.1
3.03,-0.041067546395,-0.076432841071,0.701659037668,10.314043968,6.83091331299,11.9293079403,12.9747214123,8.00383856525,12.9919924467,8.02640669211,-6.35625398843,0.199753328879,0.627905195292,9.98026728428,0.1,0.5,0.1
3.04,-0.179349531261,0.129129064534,0.041585028732,9.30553894804,7.2809366722,11.9521779647,12.8858013203,8.1977035536,12.9285240151,8.02939978736,-6.34684315709,0.29930952534,0.941083133184,9.95561964603,0.1,0.5,0.1
3.05,0.052817364678,0.0051593460689,1.69446878704,9.60080240541,7.06096511163,11.8849210583,12.6088946286,7.97883743831,12.8651809168,8.03338499732,-6.33430983374,0.398520995471,1.25333233564,9.92114701314,0.1,0.5,0.1
3.06,-0.0800779896413,0.00316459146546,1.30911821126,9.65476296585,7.06893520246,11.9828801694,12.7608122968,8.03458725274,12.8019942529,8.03835789561,-6.31866638723,0.497289829531,1.5643446504,9.87688340595,0.1,0.5,0.1
3.07,-0.143067870188,-0.00568896099965,2.574656764,9.86149150967,7.42227695475,11.8780386205,12.7795040477,8.05413835817,12.7389949704,8.04431308116,-6.29992825578,0.595518554603,1.87381314586,9.82287250729,0.1,0.5,0.1
3.08,-0.15822518205,-0.162215984918,2.64251991677,9.84235161254,7.37243571905,11.9344383499,12.8079581214,8.03205304082,12.676213831,8.05124418347,-6.27811393164,0.693110230797,2.18143241396,9.75916761939,0.1,0.5,0.1
3.09,0.130106361333,-0.0370224364553,2.51038846391,9.27993359679,7.42539035447,11.9112091482,12.5934624146,7.99430903295,12.6136813816,8.05914386894,-6.25324494292,0.78996854691,2.48689887165,9.68583161129,0.1,0.5,0.1
3.1,0.0708018453336,0.0894137779045,3.51254015153,9.18356206614,7.3332037778,11.8379038445,12.4673565126,8.00867003978,12.5514279233,8.06800384809,-6.22534583232,0.885997915478,2.78991106039,9.60293685677,0.1,0.5,0.1
3.11,-0.0805003168522,0.0728470907607,2.8818763106,9.81323629236,7.30451946438,11.9878948649,12.5154839489,8.24805186648,12.489483482,8.07781488376,-6.19444413288,0.981103567107,3.09016994375,9.51056516295,0.1,0.5,0.1
3.12,-0.144774740423,0.13319812202,2.92395718496,8.46230872746,7.54458060252,11.8615003426,12.4849230564,7.96866464263,12.4278777785,8.0885668002,-6.16057034085,1.075191644,3.38737920245,9.40880768954,0.1,0.5,0.1
3.13,0.0478665078636,-0.107535555097,3.15501678863,9.43405090391,7.54253553616,11.6942170807,12.3012884399,8.08416363231,12.3666401997,8.10024849313,-6.12375788559,1.16816929259,3.68124552685,9.29776485888,0.1,0.5,0.1
3.14,-0.0930705168039,-0.038754043063,4.5910873434,8.8697802801,7.76375365241,12.0004840575,12.1820282233,8.04948849352,12.3057997687,8.11284794068,-6.08404309652,1.25994475516,3.97147890635,9.17754625684,0.1,0.5,0.1
3.15,-0.161517249228,-0.133876841077,4.55806409659,8.4889821513,7.79546737024,11.8351110591,12.3139752887,8.25120181977,12.2453851171,8.12635221528,-6.04146516737,1.35042746041,4.25779291565,9.04827052466,0.1,0.5,0.1
3.16,-0.092293090459,0.112048938055,4.7407223171,9.28140148472,7.88969157897,11.7711380683,12.1674625898,8.08580665805,12.1854244559,8.14074749641,-5.99606611739,1.43952811283,4.53990499739,8.91006524188,0.1,0.5,0.1
3.17,0.1096373971,0.0810865958331,5.3614518542,8.96084814558,7.72281565099,11.823354431,12.2480093008,8.2085887527,12.1259455484,8.15601908422,-5.94789074998,1.52715878083,4.81753674102,8.76306680044,0.1,0.5,0.1
3.18,0.066699726055,-0.131872694186,6.02563352476,8.34439080149,8.07296691618,11.8677015647,12.0052995642,8.17566077933,12.0669756823,8.17215141406,-5.89698660841,1.61323298353,5.0904141575,8.60742027004,0.1,0.5,0.1
3.19,-0.196139866716,0.113329916836,5.19862491501,7.88224648928,8.03417432404,11.8130778397,12.0065677639,8.15614113775,12.008541643,8.18912807182,-5.84340392891,1.69766577608,5.35826794979,8.44327925502,0.1,0.5,0.1
3.2,0.027840493631,-0.0560680697229,5.36338148863,8.76616837,8.09187241997,11.5974851538,11.8989950099,8.32814791508,11.9506696871,8.20693181015,-5.78719559112,1.78037383351,5.62083377852,8.27080574275,0.1,0.5,0.1
3.21,-0.0156046404627,0.00304424247755,5.93941556004,8.55368343534,8.10572698809,11.9093815991,11.8832838067,8.23894576427,11.8933855164,8.22554456548,-5.72841706589,1.86127553295,5.87785252292,8.09016994375,0.1,0.5,0.1
3.22,-0.140184750964,-0.0556827880872,5.69499264005,7.94334340973,8.14346977126,11.6841998147,11.8141651688,8.26397998148,11.8367142528,8.24494747582,-5.66712636053,1.94029103418,6.12907053653,7.90155012376,0.1,0.5,0.1
3.23,0.110125039778,0.0679236945173,7.60304164036,7.59487019625,8.15589643148,11.8958547676,11.6484980511,8.29977072616,11.7806804132,8.26512089941,-5.60338396155,2.01734235846,6.37423989749,7.70513242776,0.1,0.5,0.1
3.24,0.0796999397347,-0.0136756057868,6.41838134563,7.47401137188,8.16444165423,11.6483504849,11.8876164539,8.21367228635,11.7253078855,8.28604443406,-5.53725277502,2.09235346542,6.61311865324,7.50111069631,0.1,0.5,0.1
3.25,0.0184129328279,-0.0273957451948,6.23927704213,7.49284470878,8.37360144167,11.6170961303,11.4991021072,8.28904098037,11.6706199048,8.30769693734,-5.46879806443,2.16525032817,6.84547105929,7.28968627421,0.1,0.5,0.1
3.26,-0.0117843920523,-0.0355172244446,6.524200122,7.07815280973,8.49506695392,11.651558258,11.7138406847,8.3366460587,11.616639031,8.33005654741,-5.39808738631,2.23596100628,7.07106781186,7.07106781187,0.1,0.5,0.1
3.27,-0.200381367954,-0.155434732963,6.34232772209,6.47608553039,8.34953682566,11.7118566564,11.4914911689,8.25072120151,11.5633871257,8.35310070458,-5.32519052357,2.30441571688,7.28968627421,6.84547105929,0.1,0.5,0.1
3.28,0.100089786047,0.116014484496,7.05399022855,7.14930032697,8.36084778371,11.7255417713,11.5814625344,8.34934234704,11.5108853316,8.37680617361,-5.2501794166,2.37054690341,7.5011106963,6.61311865324,0.1,0.5,0.1
3.29,-0.122601788326,-0.170446942138,7.66667485337,7.74823773265,8.56949777944,11.4813600414,11.4905194136,8.36540098949,11.4591540506,8.40114906663,-5.17312809233,2.43428930238,7.70513242776,6.37423989749,0.1,0.5,0.1
3.3,0.0132565625995,0.144151443759,7.822526721,6.01453228851,8.64305878903,11.5217390595,11.4087751553,8.39283643344,11.4082129247,8.42610486671,-5.09411259109,2.49558000775,7.90155012376,6.12907053653,0.1,0.5,0.1
3.31,-0.116687301577,0.195431545437,8.60393870375,6.20390788412,8.8740857363,11.4895603964,11.3719951478,8.31336184371,11.3580808158,8.45164845204,-5.01321089165,2.55435853298,8.09016994375,5.87785252293,0.1,0.5,0.1
3.32,0.0915862174991,0.0893329339298,8.15793939046,5.12708141197,8.78572571441,11.39029929,11.3271840422,8.52111875647,11.3087757875,8.47775412075,-4.93050283422,2.61056687076,8.27080574275,5.62083377852,0.1,0.5,0.1
3.33,-0.201889187984,-0.00978702908066,8.49632465338,4.89442444709,8.72979921821,11.5660607407,11.2764771946,8.47344970066,11.260315087,8.50439561625,-4.84607004167,2.66414955026,8.44327925502,5.35826794979,0.1,0.5,0.1
3.34,0.0226373915439,-0.0218150023541,9.71988683539,5.2032299455,8.85848830813,11.4316320161,11.1043496613,8.50868078498,11.2127151287,8.53154615317,-4.75999583897,2.71505369184,8.60742027004,5.0904141575,0.1,0.5,0.1
3.35,-0.0374375935432,0.0735510698383,8.49398619103,4.7718797447,8.8342588403,11.3445397418,11.0393767752,8.55731063247,11.1659914769,8.55917844376,-4.67236517097,2.76322905925,8.76306680044,4.81753674102,0.1,0.5,0.1
3.36,-0.122567984643,0.0734988252534,8.12971588801,3.54131386841,8.86333104245,11.4525795119,11.0501489409,8.59799785212,11.1201588318,8.58726472485,-4.58326451855,2.80862810922,8.91006524188,4.5399049974,0.1,0.5,0.1
3.37,-0.0137274397529,0.0450687431196,9.70082302016,4.04676227559,9.03731115759,11.5103653989,11.0433872725,8.62504367486,11.0752310136,8.61577678524,-4.4927818133,2.85120603838,9.04827052466,4.25779291565,0.1,0.5,0.1
3.38,-0.181630481667,0.0440758041406,9.69067049779,3.9081181126,9.20336194875,11.2655253048,11.1523630992,8.63606810559,11.0312209501,8.64468599351,-4.40100635074,2.89092082744,9.17754625684,3.97147890635,0.1,0.5,0.1
3.39,-0.090652892123,0.0350453309646,9.13641081099,4.09064993629,8.869712132,11.4206748774,11.0510642042,8.51567279218,10.9881406631,8.67396332634,-4.30802870215,2.92773328271,9.29776485888,3.68124552685,0.1,0.5,0.1
3.4,-0.110918595011,0.179457112892,9.64101689125,3.78584361513,9.01196115928,11.2973381998,10.9286296374,8.85603409403,10.9460012568,8.70357939709,-4.21394062525,2.96160707473,9.40880768954,3.38737920245,0.1,0.5,0.1
3.41,0.0822994953042,0.243145927416,9.6936860382,2.03857672741,9.30820593352,11.3111915023,10.8233284793,8.73930132541,10.9048129071,8.73350448483,-4.11883497362,2.99250877417,9.51056516295,3.09016994375,0.1,0.5,0.1
3.42,-0.0318475896302,0.0201142060694,10.4325494433,3.02122213752,9.19189823049,11.3583565597,10.8601685772,8.58424311673,10.8645848511,8.76370856368,-4.02280560505,3.02040788478,9.60293685677,2.78991106039,0.1,0.5,0.1
3.43,-0.059553827912,0.173239814921,9.80797261907,2.38100568905,9.23046174849,11.2224493001,10.9834892464,8.86533237373,10.8253253782,8.79416133241,-3.92594728894,3.04527687349,9.68583161129,2.48689887165,0.1,0.5,0.1
3.44,-0.103192311211,-0.0850501443583,9.29561275831,2.33079063089,9.28030501951,11.0526858775,10.6967490598,8.69588415409,10.787041822,8.82483224439,-3.82835561275,3.06709119763,9.75916761939,2.18143241397,0.1,0.5,0.1
3.45,-0.0901770394828,-0.0272366109092,10.57737786,2.28623908256,9.26212930341,11.0145418077,10.5896622519,8.86102148991,10.7497405532,8.85569053768,-3.73012688767,3.08582932909,9.82287250729,1.87381314586,0.1,0.5,0.1
3.46,-0.104644413097,0.0659562156082,9.43146656861,1.15003216294,9.31780051281,11.1583966531,10.5852315673,8.96838347045,10.7134269726,8.88670526543,-3.63135805362,3.10147277559,9.87688340595,1.5643446504,0.1,0.5,0.1
3.47,-0.22075574629,-0.0872998579595,8.84907701447,1.09562928917,9.34341032152,11.1939629498,10.6382149425,8.91924111441,10.6781055068,8.91784532642,-3.53214658348,3.11400609895,9.92114701314,1.25333233564,0.1,0.5,0.1
3.48,0.0169073577475,0.0990847455371,9.54382745027,0.463470985463,9.41012871777,11.1197223729,10.6555891316,8.77829529816,10.6437796029,8.94907949573,-3.43259038702,3.12341693028,9.95561964603,0.941083133186,0.1,0.5,0.1
3.49,-0.172365335263,0.147814402232,8.90201985169,0.663786675881,9.35111383994,10.9108914729,10.5853128031,8.83157210374,10.6104517258,8.98037645555,-3.33278771418,3.12969598224,9.98026728428,0.627905195294,0.1,0.5,0.1
3.5,-0.0539779907107,0.0818580450956,10.6333695502,0.00656845412865,9.66956848672,11.0432938179,10.640597181,9.00795008462,10.5781233552,9.01170482613,-3.23283705814,3.13283705814,9.99506560366,0.314107590782,0.1,0.5,0.1
3.51,-0.169786392937,0.00627565771851,10.2729941731,1.41522655333,9.51328674887,10.9542025189,10.5737390967,9.00993186095,10.5467949846,9.04303319671,-3.13283705814,3.13283705814,10.0,9.63518815515e-13,0.1,0.5,0.1
3.52,0.017165837455,0.0433532020132,9.80355581946,-0.907924592264,9.64775091272,11.0531765138,10.4734906646,9.07628303712,10.5164661206,9.07433015653,-3.03288640211,3.12969598224,9.99506560366,-0.31410759078,0.1,0.5,0.1
3.53,0.0224125550526,0.127917750731,10.0331546123,-0.514728331593,9.65655942625,10.9691803719,10.4428998426,9.13415622699,10.4871352833,9.10556432584,-2.93308372926,3.12341693028,9.98026728428,-0.627905195292,0.1,0.5,0.1
3.54,-0.0296073365222,-0.142655588535,9.87909947711,-0.71010024009,9.56247704091,10.7658874621,10.3664460334,9.11452919332,10.458800008,9.13670438683,-2.8335275328,3.11400609895,9.95561964603,-0.941083133184,0.1,0.5,0.1
3.55,0.0513732937128,0.263893689674,9.26107637579,-1.59029746192,9.5461296458,10.9039753697,10.3891390608,9.13456166676,10.4314568474,9.16771911458,-2.73431606267,3.10147277559,9.92114701314,-1.25333233564,0.1,0.5,0.1
3.56,0.0919475852354,0.0381324607304,10.3975777614,-2.45659707416,9.68532925008,10.8010430622,10.2561199393,9.20567736445,10.4051013751,9.19857740787,-2.63554722861,3.08582932909,9.87688340595,-1.5643446504,0.1,0.5,0.1
3.57,0.0674313475063,0.131385957312,9.95107357269,-2.43633868744,9.44995028274,10.6202721467,10.3478331294,9.22909769874,10.37972819,9.22924831985,-2.53731850354,3.06709119763,9.82287250729,-1.87381314586,0.1,0.5,0.1
3.58,-0.103091728953,-0.0340387108453,10.0308686939,-2.56183441201,9.6012663158,10.8526691607,10.2794537557,9.34865896097,10.3553309218,9.25970108858,-2.43972682735,3.04527687349,9.75916761939,-2.18143241396,0.1,0.5,0.1
3.59,0.108086992557,-0.0203774556455,10.3758126989,-2.28364305525,9.72886312972,10.796997507,10.3613591673,9.22514612455,10.3319022366,9.28990516743,-2.34286851123,3.02040788478,9.68583161129,-2.48689887165,0.1,0.5,0.1
3.6,-0.112807940584,0.105099764248,10.3419331579,-2.41791912463,9.77091425672,10.6430811352,10.256516082,9.48044574696,10.3094338452,9.31983025517,-2.24683914267,2.99250877417,9.60293685677,-2.78991106039,0.1,0.5,0.1
3.61,-0.15789250988,0.0226357595678,9.52077557247,-3.01563602916,9.5643887004,10.6605004025,10.1530460999,9.41673689431,10.2879165103,9.34944632592,-2.15173349104,2.96160707473,9.51056516295,-3.09016994375,0.1,0.5,0.1
3.62,0.0680864890934,-0.0642661545711,9.19902892257,-3.92850957521,9.70489677476,10.4763592635,10.2357202313,9.3290532555,10.2673400562,9.37872365875,-2.05764541414,2.92773328271,9.40880768954,-3.38737920245,0.1,0.5,0.1
3.63,-0.0697790083322,-0.0262499451773,8.84715731535,-3.41763241755,9.73379579281,10.5634261875,10.3029052202,9.34380506388,10.2476933785,9.40763286702,-1.96466776555,2.89092082744,9.29776485888,-3.68124552685,0.1,0.5,0.1
3.64,-0.0561006554786,0.0458275105084,8.53697052025,-2.96188895445,9.82112042651,10.5271076963,10.3118073226,9.36840594047,10.2289644555,9.43614492741,-1.87289230298,2.85120603838,9.17754625684,-3.97147890635,0.1,0.5,0.1
3.65,0.0253413790748,-0.124422967147,9.37027075727,-4.50260170764,9.81593469268,10.3193414658,10.1763429982,9.56543495808,10.2111403595,9.4642312085,-1.78240959774,2.80862810922,9.04827052466,-4.25779291565,0.1,0.5,0.1
3.66,0.114084495234,-0.040367768582,8.52624063912,-4.56464022415,9.79491332844,10.4570185991,9.93027351586,9.5742933528,10.1942072701,9.49186349909,-1.69330894532,2.76322905925,8.91006524188,-4.53990499739,0.1,0.5,0.1
3.67,0.160666466891,-0.00964555043901,8.9704854351,-5.3326717202,9.75614440799,10.5485532212,10.1031244527,9.64993429993,10.1781504873,9.51901403601,-1.60567827731,2.71505369184,8.76306680044,-4.81753674102,0.1,0.5,0.1
3.68,-0.051546949548,-0.0299260776402,8.24416105839,-4.37270020936,9.89424797573,10.5853602391,10.1654646661,9.71375505713,10.1629544465,9.54565553151,-1.51960407461,2.66414955026,8.60742027004,-5.0904141575,0.1,0.5,0.1
3.69,-0.0595647957867,-0.0518455859411,8.48849259706,-5.19871296536,9.9713391265,10.2399927658,10.2460979697,9.46826074783,10.1486027337,9.57176120022,-1.43517128206,2.61056687076,8.44327925502,-5.35826794979,0.1,0.5,0.1
3.7,0.0823689875895,0.162274125875,8.22020709889,-5.18262497751,9.91726719415,10.3074902613,10.2408883932,9.56694672518,10.1350781015,9.59730478555,-1.35246322464,2.55435853298,8.27080574275,-5.62083377852,0.1,0.5,0.1
3.71,0.16076319106,-0.057265061448,8.21703870964,-6.27916005703,9.77298690365,10.3127770688,9.93932392984,9.71440735192,10.1223624862,9.62226058563,-1.2715615252,2.49558000775,8.09016994375,-5.87785252292,0.1,0.5,0.1
3.72,0.162243789636,0.0636465794554,8.10830629469,-6.7848057643,9.86911401859,10.187299405,10.1731798201,9.71071732,10.110437026,9.64660347865,-1.19254602396,2.43428930238,7.90155012376,-6.12907053653,0.1,0.5,0.1
3.73,-0.189124669314,0.0421258273373,6.89236870239,-6.50865495362,9.98095319768,10.1864246425,10.1506954537,9.47720228477,10.099282079,9.67030894769,-1.11549469968,2.37054690341,7.70513242776,-6.37423989749,0.1,0.5,0.1
3.74,-0.144430460497,0.191933850845,8.04685249443,-6.98802384131,9.95333262025,10.3285893644,10.1703201495,9.75007327397,10.088877243,9.69335310485,-1.04048359272,2.30441571688,7.50111069631,-6.61311865324,0.1,0.5,0.1
3.75,0.0872869640449,0.0222995590063,7.47147530771,-7.71439979941,9.81531046375,10.2967140654,10.0425034805,9.62627388272,10.0792013757,9.71571271492,-0.967586729978,2.23596100628,7.28968627421,-6.84547105929,0.1,0.5,0.1
3.76,-0.0142790961487,-0.0400714550772,7.2801548519,-8.04368103011,9.90345204659,10.2067597435,10.0957648006,9.69050705406,10.0702326152,9.7373652182,-0.896876051859,2.16525032817,7.07106781187,-7.07106781186,0.1,0.5,0.1
3.77,0.0837817310596,-0.0601736051439,7.30339844637,-6.91798796078,9.97248695506,10.0540516173,10.1593871177,9.84709772947,10.0619484018,9.75828875285,-0.828421341266,2.09235346542,6.84547105929,-7.28968627421,0.1,0.5,0.1
3.78,0.0214893938222,0.0120323747656,5.86818313974,-8.18113359742,10.0248452831,10.359742213,9.99329047229,9.80116071306,10.0543255003,9.77846217644,-0.762290154734,2.01734235846,6.61311865324,-7.5011106963,0.1,0.5,0.1
3.79,-0.152005216843,0.173205980071,6.41591762228,-7.67825731545,9.869561231,10.3298650867,9.8974651413,9.95856999764,10.0473400227,9.79786508678,-0.698547755759,1.94029103418,6.37423989749,-7.70513242776,0.1,0.5,0.1
3.8,0.00743077920583,-0.0262159609307,5.31512626877,-8.12640402275,9.8687519978,10.2640049543,10.2115513622,9.72290241581,10.0409674522,9.81647784211,-0.637257050394,1.86127553295,6.12907053653,-7.90155012376,0.1,0.5,0.1
3.81,0.132947402196,0.0155450012035,5.90297285982,-8.1454835985,9.98790066079,10.1288879061,10.171876876,9.76245479234,10.035182667,9.83428158044,-0.578478525165,1.78037383351,5.87785252293,-8.09016994375,0.1,0.5,0.1
3.82,0.147437340175,0.298852581881,5.97703692708,-8.79310979251,9.98207313097,10.0626188508,9.96350958874,9.84323966036,10.0299599651,9.8512582382,-0.522270187379,1.69766577608,5.62083377852,-8.27080574274,0.1,0.5,0.1
3.83,0.153591757625,-0.0696826613782,5.29088758926,-8.39984739369,10.0298320839,10.0489710341,10.1112628653,9.7656930542,10.02527309,9.86739056804,-0.468687507882,1.61323298353,5.35826794979,-8.44327925502,0.1,0.5,0.1
3.84,-0.111816439363,-0.0208099991731,6.04044358885,-7.8950828656,9.96798141094,10.0427357041,10.034375494,9.53771387237,10.0210952563,9.88266215585,-0.417783366306,1.52715878083,5.0904141575,-8.60742027004,0.1,0.5,0.1
3.85,-0.0888414741255,0.242343197438,5.74036817999,-8.36081274405,9.97417633374,10.1501561367,10.2128765592,9.68781498218,10.0173991764,9.89705743698,-0.369607998896,1.43952811283,4.81753674102,-8.76306680044,0.1,0.5,0.1
3.86,0.0353573429883,0.0267878546879,5.20329349127,-9.05247441345,9.90309084119,10.1671729002,9.80845216181,9.90759000677,10.0141570869,9.91056171158,-0.324208948922,1.35042746041,4.5399049974,-8.91006524188,0.1,0.5,0.1
3.87,0.00629602082296,-0.136456038045,3.77038003014,-9.20984618185,10.0178318687,9.96696523983,10.0826424571,10.104426785,10.0113407767,9.92316115913,-0.281631019766,1.25994475516,4.25779291565,-9.04827052466,0.1,0.5,0.1
3.88,0.0717720307462,-0.0179973974993,3.62801961154,-8.25862005318,9.88080443589,10.1614443899,9.87846425728,9.9951226557,10.0089216144,9.93484285206,-0.241916230702,1.16816929259,3.97147890635,-9.17754625684,0.1,0.5,0.1
3.89,0.0875511661339,-0.0560333640149,3.67164382752,-9.55586469299,9.92720839031,9.92906489603,9.98496209218,9.9769923765,10.0068705766,9.9455947685,-0.205103775434,1.075191644,3.68124552685,-9.29776485888,0.1,0.5,0.1
3.9,-0.0582612977245,0.188342110027,2.77153659127,-9.16534415676,10.0440743432,9.91247616383,9.97930344645,9.96068812571,10.0051582768,9.95540580417,-0.171229983409,0.981103567108,3.38737920245,-9.40880768954,0.1,0.5,0.1
3.91,0.0248168499219,0.0574164629738,2.72499884149,-9.81628296982,9.92100345178,10.0180728906,10.0331957551,9.9023827387,10.0037549939,9.96426578332,-0.140328283972,0.885997915478,3.09016994375,-9.51056516295,0.1,0.5,0.1
3.92,-0.194227679142,0.0390577170451,2.66811613192,-9.12834035456,10.091258998,10.0315262822,9.9772533788,9.78352185701,10.0026307022,9.97216546879,-0.112429173368,0.789968546911,2.78991106039,-9.60293685677,0.1,0.5,0.1
3.93,-0.0839075427832,0.257565086272,2.35327609804,-9.63678362582,9.93416062337,9.87689680359,9.8982587439,10.0762956403,10.0017551004,9.9790965711,-0.0875601846514,0.693110230798,2.48689887165,-9.68583161129,0.1,0.5,0.1
3.94,-0.0303700311814,0.0952210503009,1.07916135833,-9.33057451525,10.0121333332,10.0937897861,10.0136834711,10.0216655892,10.0010976417,9.98505175665,-0.0657458605117,0.595518554604,2.18143241397,-9.75916761939,0.1,0.5,0.1
3.95,-0.0242574150568,0.0765168148008,2.05338172267,-9.57219823733,10.0654184992,10.0259820833,9.95963522585,9.99429415761,10.0006275645,9.99002465494,-0.0470077290531,0.497289829531,1.87381314586,-9.82287250729,0.1,0.5,0.1
3.96,-0.0248920768798,0.0618135876355,1.26032108635,-10.0127881687,9.94153042807,9.96339980222,10.0254183178,9.89260886264,10.0003139216,9.9940098649,-0.0313642825491,0.398520995472,1.5643446504,-9.87688340595,0.1,0.5,0.1
3.97,-0.0292362073231,-0.188940712904,0.470337254802,-9.03871722816,9.96209559545,9.98632839038,9.96507913581,9.92410834588,10.000125612,9.99700296015,-0.0188309591926,0.29930952534,1.25333233564,-9.92114701314,0.1,0.5,0.1
3.98,0.0358746102539,-0.131588002226,1.49529788798,-9.78013038949,10.0489381601,9.9349032721,10.0882911339,10.0405546069,10.0000314108,9.99900049344,-0.00942012786078,0.19975332888,0.941083133186,-9.95561964603,0.1,0.5,0.1
3.99,0.0180857860249,0.118364946554,0.855745446826,-9.75024423707,10.0122270513,9.82537264014,10.0192347755,10.0572055385,10.0,10.0,-0.00314107590783,0.099950656037,0.627905195294,-9.98026728428,0.1,0.5,0.1
4.0,-0.0211600947801,0.0248306134261,0.380992180969,-9.85720613263,9.97766753874,10.1534629379,9.88498537272,9.96926428134,10.0,10.0,-9.13852327145e-15,4.46392922626e-13,0.314107590783,-9.99506560366,0.1,0.5,0.1
4.01,0.069282338346,0.0400230386213,0.213526973203,-9.71421335704,10.0297625348,9.91159530484,9.80410637067,10.0064331889,10.0,9.999,3.87786591033e-15,-0.0999999999996,1.30163891818e-12,-10.0,0.1,0.5,0.1
