0.01,-0.171040767347,0.151791902586,0.927561386743,9.245599181,9.99809204312,9.99732309236,10.0097846601,10.0077022417,10.0,10.001,0.0,0.1,0.0,10.0,0.1,0.5,0.01
0.02,-0.115077683096,0.00984870597311,0.4033801774,9.35454857553,9.99639683906,9.99120596744,9.99554220516,10.007422896,10.0000314108,10.0029995066,0.00314107590781,0.199950656037,0.314107590781,9.99506560366,0.1,0.5,0.01
0.03,0.124767757539,0.135119762662,0.790288695689,10.1474822374,9.99888069509,9.99334422441,9.99123024997,10.0097443874,10.000125612,10.0059970398,0.00942012786074,0.299753328879,0.627905195293,9.98026728428,0.1,0.5,0.01
0.04,-0.144064317816,0.0646176888298,1.31761040299,10.2803159386,10.0079727608,10.002723346,10.0170657108,10.0114148637,10.0003139216,10.0099901351,0.0188309591926,0.39930952534,0.941083133185,9.95561964603,0.1,0.5,0.01
0.05,0.00471905486381,0.0258137335661,1.66752540108,10.0815526575,9.9973710616,9.99438379135,9.99087658549,10.0092544564,10.0006275645,10.0149753451,0.031364282549,0.498520995471,1.25333233564,9.92114701314,0.1,0.5,0.01
0.06,0.0541480535005,0.0181340745288,0.861483997025,9.61143830647,10.0123454643,9.98861536129,9.99783596472,10.0271297849,10.0010976417,10.0209482434,0.047007729053,0.597289829531,1.5643446504,9.87688340595,0.1,0.5,0.01
0.07,-0.0663239370623,0.0528321225049,1.58323201752,9.72259371494,9.9951587859,9.98763617133,10.0074080697,10.0375764251,10.0017551004,10.0279034289,0.0657458605116,0.695518554604,1.87381314586,9.82287250729,0.1,0.5,0.01
0.08,0.118237559611,0.057718390422,2.80521077295,9.31607824488,9.99876147742,9.96141636383,9.9980132716,10.0291473253,10.0026307022,10.0358345312,0.0875601846513,0.793110230797,2.18143241397,9.75916761939,0.1,0.5,0.01
0.09,0.0288403766613,-0.0381505855728,2.39163659721,10.2454393693,9.99302409186,9.96782288802,10.0089708976,10.0359758271,10.0037549939,10.0447342167,0.112429173368,0.88996854691,2.48689887165,9.68583161129,0.1,0.5,0.01
0.1,0.0150293415032,0.00342282244357,2.70144418367,9.01039664561,9.98101145286,9.94368104824,10.0057338304,10.0599872184,10.0051582768,10.0545941958,0.140328283972,0.985997915478,2.78991106039,9.60293685677,0.1,0.5,0.01
0.11,0.0401713889199,-0.0512750135371,3.4567544012,9.75681334194,9.98704950677,9.92917862362,9.99952114947,10.0566013117,10.0068705766,10.0654052315,0.171229983409,1.08110356711,3.09016994375,9.51056516295,0.1,0.5,0.01
0.12,0.0397462881308,0.218257117644,3.13610653524,8.52433030158,9.98763477845,9.91695654283,9.99995563414,10.0709562315,10.0089216144,10.0771571479,0.205103775434,1.175191644,3.38737920245,9.40880768954,0.1,0.5,0.01
0.13,0.0981477297275,0.20358830926,3.23657733298,9.3966423494,9.9966034699,9.89865129951,10.0127755002,10.0785453773,10.0113407767,10.0898388409,0.241916230702,1.26816929259,3.68124552685,9.29776485888,0.1,0.5,0.01
0.14,0.224680279458,0.159231973204,3.19580212047,8.49173242061,9.99607220545,9.90781388045,10.0055472151,10.1161726426,10.0141570869,10.1034382884,0.281631019766,1.35994475516,3.97147890635,9.17754625684,0.1,0.5,0.01
0.15,-0.0359893520254,-0.00370597724093,4.05919643147,9.0332698869,10.0073015117,9.87308011588,10.0163220547,10.1248660107,10.0173991764,10.117942563,0.324208948922,1.45042746041,4.25779291565,9.04827052466,0.1,0.5,0.01
0.16,-0.0432549511907,0.00215937185505,5.3268307736,9.08602350013,9.99384913249,9.85530662262,10.0282335782,10.1394228897,10.0210952563,10.1333378442,0.369607998896,1.53952811283,4.5399049974,8.91006524188,0.1,0.5,0.01
0.17,0.0484613241094,-0.0810057866528,4.6293636946,9.13737847406,9.9671156861,9.85412804062,10.0498164805,10.1321258326,10.02527309,10.149609432,0.417783366306,1.62715878083,4.81753674102,8.76306680044,0.1,0.5,0.01
0.18,-0.0790066707548,-0.027610614227,4.12274318802,8.11950134979,9.96797939786,9.83673033901,10.0257067963,10.1716804123,10.0299599651,10.1667417618,0.468687507881,1.71323298353,5.0904141575,8.60742027004,0.1,0.5,0.01
0.19,0.000157912842015,0.0718674923679,5.01307317198,8.19153808598,9.973644579,9.81597379254,10.0406944174,10.1944915359,10.035182667,10.1847184196,0.522270187379,1.79766577608,5.35826794979,8.44327925502,0.1,0.5,0.01
0.2,0.209855004158,0.25045929611,5.83501970673,8.34823907909,9.94945259382,9.79644585308,10.0318731589,10.2085868806,10.0409674522,10.2035221579,0.578478525164,1.88037383351,5.62083377852,8.27080574275,0.1,0.5,0.01
0.21,-0.0549606025564,0.0212370189773,5.47187585929,8.70067249242,9.96271984719,9.77802105182,10.0627882061,10.2271079181,10.0473400227,10.2231349132,0.637257050394,1.96127553295,5.87785252292,8.09016994375,0.1,0.5,0.01
0.22,0.00988099366511,-0.0378318170256,6.13320522548,7.9341754166,9.95071390333,9.76809025704,10.0392039323,10.2388081751,10.0543255003,10.2435378236,0.698547755759,2.04029103418,6.12907053653,7.90155012376,0.1,0.5,0.01
0.23,0.0097697434909,0.125017184393,5.72662645789,7.71748143937,9.92735936118,9.73746757941,10.0752571969,10.2657920629,10.0619484018,10.2647112471,0.762290154734,2.11734235846,6.37423989749,7.70513242776,0.1,0.5,0.01
0.24,-0.163739331114,-0.0424428805631,6.36785213602,7.32684492061,9.93384439332,9.70379473083,10.0772382416,10.2861090723,10.0702326152,10.2866347818,0.828421341266,2.19235346542,6.61311865324,7.5011106963,0.1,0.5,0.01
0.25,-0.074990174566,0.0980909491067,6.88228409656,7.80572096033,9.92748475408,9.6862590966,10.0651713761,10.2975323333,10.0792013757,10.3092872851,0.896876051859,2.26525032817,6.84547105929,7.28968627421,0.1,0.5,0.01
0.26,-0.0632289968914,0.0195641614755,6.88901390775,7.22857346911,9.91788796499,9.66871255621,10.0894416611,10.3565556857,10.088877243,10.3326468951,0.967586729978,2.33596100628,7.07106781187,7.07106781187,0.1,0.5,0.01
0.27,0.037868300484,0.0150736652946,7.47840655034,6.40148284883,9.89534211377,9.65231266178,10.1014566252,10.354895541,10.099282079,10.3566910523,1.04048359272,2.40441571688,7.28968627421,6.84547105929,0.1,0.5,0.01
0.28,0.186844422908,-0.123614021434,7.43098082137,6.76054238709,9.88228248015,9.61786222077,10.1021385654,10.3746457536,10.110437026,10.3813965213,1.11549469968,2.47054690341,7.5011106963,6.61311865324,0.1,0.5,0.01
0.29,-0.123364402248,-0.0363325059521,7.67081551561,6.86064460825,9.8770428333,9.59054606243,10.1204322866,10.3898524302,10.1223624862,10.4067394144,1.19254602396,2.53428930238,7.70513242776,6.37423989749,0.1,0.5,0.01
0.3,0.101849746298,-0.0310656092395,7.79484951455,6.53238165357,9.86706835368,9.57264583291,10.1427735465,10.4339856983,10.1350781015,10.4326952144,1.2715615252,2.59558000775,7.90155012376,6.12907053653,0.1,0.5,0.01
0.31,0.0648187326553,0.113219886402,8.52924495573,5.04754801253,9.8476263254,9.55561306773,10.1633196429,10.4620082858,10.1486027337,10.4592387998,1.35246322464,2.65435853298,8.09016994375,5.87785252292,0.1,0.5,0.01
0.32,0.0821250478464,-0.0172718640551,8.7144028503,5.10761513425,9.83243063613,9.50505468186,10.1789763976,10.4675310604,10.1629544465,10.4863444685,1.43517128206,2.71056687076,8.27080574275,5.62083377852,0.1,0.5,0.01
0.33,-0.030031225433,0.00423686965603,8.71878583292,5.61649191363,9.84476581058,9.47387896282,10.1809006742,10.5095403582,10.1781504873,10.513985964,1.51960407461,2.76414955026,8.44327925502,5.35826794979,0.1,0.5,0.01
0.34,-0.00859168727113,-0.0285946014853,8.86166338466,5.50102323122,9.8122512438,9.4575829812,10.1931515682,10.542006617,10.1942072701,10.5421365009,1.60567827731,2.81505369184,8.60742027004,5.0904141575,0.1,0.5,0.01
0.35,-0.0399710244054,0.000844910300155,8.597078592,5.72256032,9.76725812757,9.4509013543,10.2140458876,10.5546430061,10.2111403595,10.5707687915,1.69330894532,2.86322905925,8.76306680044,4.81753674102,0.1,0.5,0.01
0.36,0.0116035659534,-0.0487889260026,9.70508148679,4.53930998713,9.76680272898,9.38500860291,10.2436716156,10.6010900294,10.2289644555,10.5998550726,1.78240959774,2.90862810922,8.91006524188,4.5399049974,0.1,0.5,0.01
0.37,0.119408359465,0.146276887199,9.08339748909,3.66612982254,9.73341506183,9.39112500709,10.2566240572,10.6129260512,10.2476933785,10.629367133,1.87289230298,2.95120603838,9.04827052466,4.25779291565,0.1,0.5,0.01
0.38,-0.068259485794,0.0542693833952,8.81087459222,4.27903979493,9.73283572281,9.35421786912,10.2625642935,10.662100076,10.2673400562,10.6592763413,1.96466776555,2.99092082744,9.17754625684,3.97147890635,0.1,0.5,0.01
0.39,0.05603091006,0.11534187663,9.19997817248,3.7879460478,9.70746883018,9.3061820361,10.3003350679,10.6820649223,10.2879165103,10.6895536741,2.05764541414,3.02773328271,9.29776485888,3.68124552685,0.1,0.5,0.01
0.4,0.040118027492,0.00798124803599,8.96967312742,3.68433822262,9.67473495183,9.28008834855,10.3039006712,10.7275414671,10.3094338452,10.7201697448,2.15173349104,3.06160707473,9.40880768954,3.38737920245,0.1,0.5,0.01
0.41,0.0200930143824,0.116526547646,9.77086114596,3.64393017265,9.66477940872,9.24867874412,10.3301890645,10.7399001697,10.3319022366,10.7510948326,2.24683914267,3.09250877417,9.51056516295,3.09016994375,0.1,0.5,0.01
0.42,0.0951221483327,-0.0277952580824,9.88632606263,2.235588127,9.63929778505,9.21737918852,10.356369371,10.7869635941,10.3553309218,10.7822989114,2.34286851123,3.12040788478,9.60293685677,2.78991106039,0.1,0.5,0.01
0.43,0.0491820731897,0.168780990364,9.94434409006,2.4751191062,9.61461968708,9.19635186208,10.3914202599,10.8266059405,10.37972819,10.8137516801,2.43972682735,3.14527687349,9.68583161129,2.48689887165,0.1,0.5,0.01
0.44,0.0393858056289,0.153049821921,9.23336447214,2.02757918896,9.59915604329,9.16621244984,10.4169421772,10.8521876625,10.4051013751,10.8454225921,2.53731850354,3.16709119763,9.75916761939,2.18143241397,0.1,0.5,0.01
0.45,0.0749609078936,-0.0255411994351,9.38961833125,1.84863033041,9.57553506239,9.10713399007,10.4200308667,10.8714130367,10.4314568474,10.8772808854,2.63554722861,3.18582932909,9.82287250729,1.87381314586,0.1,0.5,0.01
0.46,0.126048704408,0.0959134098093,11.2487042149,0.818135778072,9.52374756274,9.0954272481,10.4380501418,10.9134444525,10.458800008,10.9092956132,2.73431606267,3.20147277559,9.87688340595,1.5643446504,0.1,0.5,0.01
0.47,-0.00818104458354,0.126866102,9.75667550647,1.49012145221,9.50125924194,9.04603093398,10.4799885715,10.9313602552,10.4871352833,10.9414356742,2.8335275328,3.21400609895,9.92114701314,1.25333233564,0.1,0.5,0.01
0.48,0.100700634733,0.00439085598532,9.29818793943,1.03738029487,9.48409702914,9.01834235208,10.5130158564,10.9588310361,10.5164661206,10.9736698435,2.93308372926,3.22341693028,9.95561964603,0.941083133185,0.1,0.5,0.01
0.49,0.191673335489,0.102040027927,10.2783966479,1.07310908992,9.44817273264,9.00159772136,10.5408245847,10.9917082892,10.5467949846,11.0059668033,3.03288640211,3.22969598224,9.98026728428,0.627905195293,0.1,0.5,0.01
0.5,0.0248934225398,0.0414184830263,10.3940942185,-0.162885892446,9.43130274406,8.95862955475,10.5607654351,11.0407448731,10.5781233552,11.0382951739,3.13283705814,3.23283705814,9.99506560366,0.314107590781,0.1,0.5,0.01
0.51,0.0564644148254,-0.0297933638948,9.8278493122,0.470156064836,9.38576376154,8.94911914521,10.6245706549,11.0642544878,10.6104517258,11.0706235445,3.23283705814,3.23283705814,10.0,-6.04903497084e-15,0.1,0.5,0.01
0.52,0.100550733156,0.182533779731,10.0987088226,0.0896334044387,9.37532913718,8.91477416566,10.654912997,11.0938046624,10.6437796029,11.1029205043,3.33278771418,3.22969598224,9.99506560366,-0.314107590781,0.1,0.5,0.01
0.53,0.0309653621991,0.0848146454795,9.26936552735,-1.04474522338,9.33367816365,8.86647923853,10.6767001165,11.1306557388,10.6781055068,11.1351546736,3.43259038702,3.22341693028,9.98026728428,-0.627905195293,0.1,0.5,0.01
0.54,0.0683587188898,0.0471197591865,9.64739028598,-0.679044749799,9.27266647309,8.82455459946,10.7085420571,11.1613159182,10.7134269726,11.1672947346,3.53214658348,3.21400609895,9.95561964603,-0.941083133185,0.1,0.5,0.01
0.55,-0.0187465301584,-0.0122016830384,10.0896096755,-1.45543989124,9.24026358432,8.7909464272,10.7575360375,11.2011184992,10.7497405532,11.1993094623,3.63135805361,3.20147277559,9.92114701314,-1.25333233564,0.1,0.5,0.01
0.56,0.0970933039867,-0.0664386287599,10.406390988,-1.10527256255,9.21566282957,8.74335898078,10.7945674888,11.2377636148,10.787041822,11.2311677556,3.73012688767,3.18582932909,9.87688340595,-1.5643446504,0.1,0.5,0.01
0.57,0.181606892038,-0.0267661784683,10.0137411668,-1.70246021391,9.16581319494,8.73398956941,10.8236181313,11.2580075743,10.8253253782,11.2628386676,3.82835561275,3.16709119763,9.82287250729,-1.87381314586,0.1,0.5,0.01
0.58,-0.0184334140881,0.013786061779,9.12546182168,-2.53484184188,9.13699288051,8.69383878475,10.8618682331,11.2946617613,10.8645848511,11.2942914363,3.92594728894,3.14527687349,9.75916761939,-2.18143241397,0.1,0.5,0.01
0.59,0.134584001705,-0.0376680394477,9.66519595712,-2.39204865742,9.10934426637,8.67912309128,10.8861135027,11.3310091001,10.9048129071,11.3254955152,4.02280560505,3.12040788478,9.68583161129,-2.48689887165,0.1,0.5,0.01
0.6,0.00845145912288,0.0536595676467,10.3912467994,-1.97759579047,9.05831478362,8.64610019686,10.9581763693,11.372556912,10.9460012568,11.3564206029,4.11883497362,3.09250877417,9.60293685677,-2.78991106039,0.1,0.5,0.01
0.61,-0.164784698631,0.192285020183,9.0048102134,-2.83941525178,9.02733469326,8.60587970882,10.9960890016,11.3698811438,10.9881406631,11.3870366737,4.21394062525,3.06160707473,9.51056516295,-3.09016994375,0.1,0.5,0.01
0.62,0.122757955734,0.120235136485,9.42069895067,-3.00102062339,8.9630663664,8.60195888466,11.0208079755,11.4236586332,11.0312209501,11.4173140065,4.30802870215,3.02773328271,9.40880768954,-3.38737920245,0.1,0.5,0.01
0.63,-0.0671238857048,0.216707735719,8.45476053557,-3.90492406157,8.92989934454,8.54554393457,11.068379435,11.4372420377,11.0752310136,11.4472232148,4.40100635074,2.99092082744,9.29776485888,-3.68124552685,0.1,0.5,0.01
0.64,-0.0642062286494,0.0320880086749,8.91692688606,-3.96322216905,8.86921436278,8.51962039835,11.1214160363,11.4748779341,11.1201588318,11.4767352751,4.4927818133,2.95120603838,9.17754625684,-3.97147890635,0.1,0.5,0.01
0.65,-0.0885332486028,0.0709648118985,8.44032257485,-4.59806172571,8.83899929762,8.48867629244,11.1822160632,11.4992872336,11.1659914769,11.5058215562,4.58326451855,2.90862810922,9.04827052466,-4.25779291565,0.1,0.5,0.01
0.66,0.0391730060713,-0.0646101249196,8.36445043085,-4.97242135884,8.78846240749,8.4667261688,11.1975735847,11.5320095756,11.2127151287,11.5344538468,4.67236517097,2.86322905925,8.91006524188,-4.5399049974,0.1,0.5,0.01
0.67,0.0149041696099,-0.0188148261705,8.53008331724,-4.34437419534,8.74264948548,8.41085403608,11.2471565543,11.5410949561,11.260315087,11.5626043837,4.75999583897,2.81505369184,8.76306680044,-4.81753674102,0.1,0.5,0.01
0.68,0.0107753704909,-0.0348337902831,9.26415012873,-5.16996219782,8.70082319253,8.41142335462,11.3092561385,11.5915932575,11.3087757875,11.5902458793,4.84607004167,2.76414955026,8.60742027004,-5.0904141575,0.1,0.5,0.01
0.69,-0.0993452233363,-0.053042068536,9.18650370754,-4.83644118939,8.64697868321,8.39424275122,11.3578190559,11.6085307686,11.3580808158,11.617351548,4.93050283422,2.71056687076,8.44327925502,-5.35826794979,0.1,0.5,0.01
0.7,-0.085797706031,0.0771294271765,8.92166220521,-5.50352597724,8.61014306886,8.37436425241,11.4120179517,11.6382395531,11.4082129247,11.6438951333,5.01321089165,2.65435853298,8.27080574275,-5.62083377852,0.1,0.5,0.01
0.71,0.00628413311307,-0.0132892463933,7.52064181627,-5.7422367275,8.53288220141,8.32882217936,11.4639932728,11.6807332497,11.4591540506,11.6698509334,5.09411259109,2.59558000775,8.09016994375,-5.87785252292,0.1,0.5,0.01
0.72,0.175606185295,-0.113442858433,7.79291350187,-5.9631832911,8.48157683939,8.30033365968,11.51529534,11.6890891376,11.5108853316,11.6951938264,5.17312809233,2.53428930238,7.90155012376,-6.12907053653,0.1,0.5,0.01
0.73,-0.0186042737082,-0.0774594469904,7.6167876871,-6.10608871589,8.44432222299,8.2829670585,11.5476215573,11.7195065544,11.5633871257,11.7198992954,5.2501794166,2.47054690341,7.70513242776,-6.37423989749,0.1,0.5,0.01
0.74,0.319825086298,0.0600529023508,7.26995513784,-6.47276189674,8.39311952043,8.25628623383,11.6153525802,11.7552857283,11.616639031,11.7439434526,5.32519052357,2.40441571688,7.5011106963,-6.61311865324,0.1,0.5,0.01
0.75,-0.066061720681,0.0440587469159,7.33626089376,-6.20782505519,8.33654376898,8.23404838145,11.6614424285,11.7607715094,11.6706199048,11.7673030627,5.39808738631,2.33596100628,7.28968627421,-6.84547105929,0.1,0.5,0.01
0.76,-0.0270554370983,0.046857561754,6.67770155107,-6.49399490904,8.26834292265,8.20352794241,11.7322065103,11.7997600542,11.7253078855,11.7899555659,5.46879806443,2.26525032817,7.07106781187,-7.07106781187,0.1,0.5,0.01
0.77,0.00369062257703,0.0264095221025,6.4118450861,-7.84993384512,8.22420902242,8.19022289415,11.7709991804,11.8035698003,11.7806804132,11.8118791006,5.53725277502,2.19235346542,6.84547105929,-7.28968627421,0.1,0.5,0.01
0.78,-0.0196635024721,0.131746194008,7.14875438359,-7.86389958169,8.15261283156,8.17240217816,11.8236675159,11.8394534651,11.8367142528,11.8330525242,5.60338396155,2.11734235846,6.61311865324,-7.5011106963,0.1,0.5,0.01
0.79,0.113228188679,-0.196467036196,7.54411939635,-7.98978818241,8.1017497864,8.1397831807,11.9020271679,11.8800525915,11.8933855164,11.8534554345,5.66712636053,2.04029103418,6.37423989749,-7.70513242776,0.1,0.5,0.01
0.8,0.0793080933659,0.212635257966,6.79404298057,-8.0947755181,8.03983690683,8.1169997575,11.9501245795,11.8864373055,11.9506696871,11.8730681898,5.72841706589,1.96127553295,6.12907053653,-7.90155012376,0.1,0.5,0.01
0.81,0.175168594369,-0.189210308575,6.15134105796,-8.12537639719,7.99995170568,8.11817569963,12.0191209282,11.8986037608,12.008541643,11.8918719282,5.78719559112,1.88037383351,5.87785252292,-8.09016994375,0.1,0.5,0.01
0.82,-0.0778100870724,0.000632848043183,5.4808883876,-7.3880049799,7.92360555377,8.07841839012,12.0589376971,11.9164513441,12.0669756823,11.9098485859,5.84340392891,1.79766577608,5.62083377852,-8.27080574275,0.1,0.5,0.01
0.83,0.0146947397115,-0.00524319911947,4.71309416512,-8.79539573056,7.88532904291,8.07984731571,12.1240174816,11.9264804199,12.1259455484,11.9269809158,5.89698660841,1.71323298353,5.35826794979,-8.44327925502,0.1,0.5,0.01
0.84,0.107902165256,0.152681945878,4.93130209233,-8.25125085671,7.8336205453,8.04125650835,12.1852132485,11.9333205156,12.1854244559,11.9432525036,5.94789074998,1.62715878083,5.0904141575,-8.60742027004,0.1,0.5,0.01
0.85,0.0234357617949,0.0136935392179,5.03410963831,-7.99646716676,7.76078161457,8.04687143042,12.2136624906,11.9539693249,12.2453851171,11.9586477847,5.99606611739,1.53952811283,4.81753674102,-8.76306680044,0.1,0.5,0.01
0.86,-0.000236136809533,0.0446361739669,5.24730647623,-9.64266198653,7.69574996214,8.01883079854,12.3002076003,11.9804582418,12.3057997687,11.9731520593,6.04146516736,1.45042746041,4.5399049974,-8.91006524188,0.1,0.5,0.01
0.87,-0.0513284449036,0.0592841180396,3.9945997531,-8.88311778353,7.626770672,8.00591672215,12.3503734395,11.9854614938,12.3666401997,11.9867515069,6.08404309652,1.35994475516,4.25779291565,-9.04827052466,0.1,0.5,0.01
0.88,0.0503363783751,0.0937124714781,3.62872962918,-8.8808086694,7.56820532419,7.99606865173,12.4308673826,11.9789606531,12.4278777785,11.9994331998,6.12375788558,1.26816929259,3.97147890635,-9.17754625684,0.1,0.5,0.01
0.89,-0.0860260603207,-0.0762073255932,3.98956984521,-8.56760876079,7.51811189889,7.9751873556,12.4810333826,12.0194133726,12.489483482,12.0111851162,6.16057034085,1.175191644,3.68124552685,-9.29776485888,0.1,0.5,0.01
0.9,-0.0345064811336,0.127141517981,3.52018731453,-8.78033423288,7.45679725373,7.99462661072,12.558710434,12.0139246692,12.5514279233,12.0219961519,6.19444413288,1.08110356711,3.38737920245,-9.40880768954,0.1,0.5,0.01
0.91,0.167618684661,-0.207390862251,2.25459543872,-9.5702156292,7.39525535662,7.96878424007,12.6161457305,12.0403228797,12.6136813816,12.0318561311,6.22534583232,0.985997915478,3.09016994375,-9.51056516295,0.1,0.5,0.01
0.92,0.0373080729264,0.108378648282,3.33977909161,-8.99506780292,7.31752464814,7.9630945498,12.6800467299,12.05770426,12.676213831,12.0407558165,6.25324494292,0.88996854691,2.78991106039,-9.60293685677,0.1,0.5,0.01
0.93,0.0615611833678,0.18015075925,3.0300890959,-9.64135966133,7.26157882666,7.94591669079,12.7341357711,12.046330959,12.7389949704,12.0486869188,6.27811393164,0.793110230797,2.48689887165,-9.68583161129,0.1,0.5,0.01
0.94,0.07467962668,-0.0576753145488,1.86193642256,-10.2080066623,7.21947408897,7.93579096843,12.8221207677,12.049714874,12.8019942529,12.0556421044,6.29992825578,0.695518554604,2.18143241397,-9.75916761939,0.1,0.5,0.01
0.95,-0.0137905673038,-0.0432948926848,1.99614140614,-10.6426386191,7.13710510592,7.94506135309,12.8803048761,12.0565584214,12.8651809168,12.0616150027,6.31866638723,0.597289829531,1.87381314586,-9.82287250729,0.1,0.5,0.01
0.96,-0.284574965038,0.08327388103,2.52802530762,-9.74462615585,7.06292459856,7.9517633189,12.9453861388,12.0511160013,12.9285240151,12.0666002126,6.33430983374,0.498520995471,1.5643446504,-9.87688340595,0.1,0.5,0.01
0.97,0.127031924692,-0.13452245324,1.56856431165,-9.84315264301,7.00325244397,7.95321737547,12.9961699155,12.0827707343,12.9919924467,12.0705933079,6.34684315709,0.39930952534,1.25333233564,-9.92114701314,0.1,0.5,0.01
0.98,0.000223299858301,-0.109776682372,0.794352570542,-9.73786909218,6.9329587851,7.94298917416,13.0565692832,12.0618078574,13.0555549866,12.0735908412,6.35625398843,0.299753328879,0.941083133185,-9.95561964603,0.1,0.5,0.01
0.99,0.125785830498,-0.0812353275582,0.336952292125,-9.44185271422,6.86741983656,7.93943502573,13.1262088768,12.0601597054,13.119180317,12.0755903477,6.36253304038,0.199950656037,0.627905195293,-9.98026728428,0.1,0.5,0.01
1.0,0.0917767678906,0.0318563347057,1.20168904524,-10.1420370759,6.80924543574,7.93116638272,13.1821924405,12.0827131404,13.1828370581,12.0765903477,6.36567411629,0.1,0.314107590781,-9.99506560366,0.1,0.5,0.01
1.01,-0.104419608366,-0.004024359083,-0.254310291057,-9.32143840113,6.76608085398,7.92015165696,13.2315699936,12.0848457104,13.2464937993,12.0765903477,6.36567411629,-4.46864767412e-15,-2.09798541387e-14,-10.0,0.1,0.5,0.01
1.02,-0.00368944074731,-0.138554785756,0.720565132506,-10.0518435737,6.70258472918,7.92404859655,13.3043865488,12.0704037708,13.3101191297,12.0755908412,6.36253304038,-0.0999506560366,-0.314107590781,-9.99506560366,0.1,0.5,0.01
1.03,0.0149682044939,-0.210990042837,-1.40532306023,-9.40171623393,6.61931241542,7.93467728169,13.3766322813,12.0740219601,13.3736816696,12.0735933079,6.35625398843,-0.199753328879,-0.627905195293,-9.98026728428,0.1,0.5,0.01
1.04,-0.105759149767,-0.131793914288,-1.02869186689,-10.1956693183,6.55648274987,7.93659938094,13.4305205493,12.0768521675,13.4371501012,12.0706002126,6.34684315709,-0.29930952534,-0.941083133185,-9.95561964603,0.1,0.5,0.01
1.05,0.0580787539315,-0.0888996917538,-0.680626501889,-9.60661762391,6.49774671042,7.95430597946,13.514649932,12.0706595483,13.5004931995,12.0666150027,6.33430983374,-0.398520995471,-1.25333233564,-9.92114701314,0.1,0.5,0.01
1.06,0.0721071262335,0.0153895152317,-1.85173099486,-10.0521954532,6.42732431313,7.96033165879,13.5597613722,12.0645858977,13.5636798634,12.0616421044,6.31866638723,-0.497289829531,-1.5643446504,-9.87688340595,0.1,0.5,0.01
1.07,0.120883720761,-0.0245159089369,-2.08738199896,-9.77153602338,6.38239447317,7.94817456202,13.6094265237,12.0417201309,13.6266791459,12.0556869188,6.29992825578,-0.595518554604,-1.87381314586,-9.82287250729,0.1,0.5,0.01
1.08,0.0296584974585,-0.0666083231233,-3.12233379367,-10.1707467086,6.30540589315,7.94518682874,13.6865122745,12.0596304199,13.6894602852,12.0487558165,6.27811393164,-0.693110230797,-2.18143241397,-9.75916761939,0.1,0.5,0.01
1.09,-0.177092251141,-0.0853505862533,-3.64584964465,-9.90311372354,6.25456430417,7.9599742768,13.7457612311,12.0392353131,13.7519927347,12.0408561311,6.25324494292,-0.78996854691,-2.48689887165,-9.68583161129,0.1,0.5,0.01
1.1,-0.0275019186405,-0.0219447058585,-1.80190755584,-9.77582734311,6.17543773225,7.96584023824,13.8419112898,12.0322285087,13.814246193,12.0319961519,6.22534583232,-0.885997915478,-2.78991106039,-9.60293685677,0.1,0.5,0.01
1.11,0.071766579863,0.117135451591,-2.94033348324,-9.71228545806,6.12410352528,7.98178160826,13.8797339962,12.0219175268,13.8761906343,12.0221851162,6.19444413288,-0.981103567107,-3.09016994375,-9.51056516295,0.1,0.5,0.01
1.12,0.0252477228359,-0.0440335153747,-3.00000834875,-9.7045446092,6.05832209513,7.9977399876,13.9457759968,12.0085060397,13.9377963377,12.0114331998,6.16057034085,-1.075191644,-3.38737920245,-9.40880768954,0.1,0.5,0.01
1.13,-0.149468212797,-0.0707039626983,-4.69846110998,-8.09732203484,5.98783278909,8.01154206851,13.9815524401,11.9874412194,13.9990339166,11.9997515069,6.12375788558,-1.16816929259,-3.68124552685,-9.29776485888,0.1,0.5,0.01
1.14,0.00821364960298,-0.0104290104014,-3.34140378328,-9.04621638741,5.94747408801,7.99807424732,14.0646681293,11.9944855,14.0598743476,11.9871520593,6.08404309652,-1.25994475516,-3.97147890635,-9.17754625684,0.1,0.5,0.01
1.15,0.0794188897899,-0.151773007458,-4.48722685116,-8.84169586967,5.87883263007,8.04451712654,14.1115467793,11.9719845044,14.1202889992,11.9736477847,6.04146516736,-1.35042746041,-4.25779291565,-9.04827052466,0.1,0.5,0.01
1.16,0.0497327182855,0.0245103238971,-4.45875726042,-9.96782643793,5.80625304672,8.06790832749,14.1720932525,11.971796444,14.1802496604,11.9592525036,5.99606611739,-1.43952811283,-4.5399049974,-8.91006524188,0.1,0.5,0.01
1.17,0.0859752173341,-0.109126537808,-5.01430544616,-8.99472946463,5.76752136864,8.05242603816,14.23981789,11.9306774219,14.2397285679,11.9439809158,5.94789074998,-1.52715878083,-4.81753674102,-8.76306680044,0.1,0.5,0.01
1.18,0.126850659755,0.0763125975836,-5.67902976726,-8.54428374795,5.69828738882,8.07284574133,14.2921796484,11.9347434719,14.298698434,11.9278485859,5.89698660841,-1.61323298353,-5.0904141575,-8.60742027004,0.1,0.5,0.01
1.19,0.068651256044,-0.0485611437177,-5.59985086307,-9.15836031245,5.64972189504,8.09672243206,14.3655394905,11.9186165319,14.3571324733,11.9108719282,5.84340392891,-1.69766577608,-5.35826794979,-8.44327925502,0.1,0.5,0.01
1.2,0.020950197481,0.094252502989,-5.86498106351,-7.90826471899,5.58131518837,8.11328000485,14.4217483195,11.8977194832,14.4150044292,11.8930681898,5.78719559112,-1.78037383351,-5.62083377852,-8.27080574275,0.1,0.5,0.01
1.21,0.193216517748,-0.124568384831,-6.13214877262,-8.06442836462,5.54513375466,8.12729045638,14.4814909182,11.8915307183,14.4722885999,11.8744554345,5.72841706589,-1.86127553295,-5.87785252292,-8.09016994375,0.1,0.5,0.01
1.22,0.0136746932836,-0.0133782140805,-5.84887715981,-7.91897221823,5.47124248286,8.13966409353,14.5342029618,11.8538366634,14.5289598635,11.8550525242,5.66712636053,-1.94029103418,-6.12907053653,-7.90155012376,0.1,0.5,0.01
1.23,-0.158484462724,-0.0597566538463,-7.16482810548,-7.94941713496,5.39718595214,8.15918686043,14.5709494542,11.8291168424,14.5849937031,11.8348791006,5.60338396155,-2.01734235846,-6.37423989749,-7.70513242776,0.1,0.5,0.01
1.24,-0.0234487884639,-0.0705300858944,-6.07104101896,-7.98120224481,5.34641806338,8.16183181432,14.6497633513,11.8255042271,14.6403662308,11.8139555659,5.53725277502,-2.09235346542,-6.61311865324,-7.5011106963,0.1,0.5,0.01
1.25,0.0991554544002,-0.0178349439524,-6.32616253626,-7.64438456973,5.29658843911,8.204268931,14.6966864158,11.77272261,14.6950542115,11.7923030627,5.46879806443,-2.16525032817,-6.84547105929,-7.28968627421,0.1,0.5,0.01
1.26,0.0215491946221,0.119415686899,-7.50580047845,-6.42196190956,5.24554103514,8.23755954599,14.7370829668,11.7657625183,14.7490350853,11.7699434526,5.39808738631,-2.23596100628,-7.07106781187,-7.07106781187,0.1,0.5,0.01
1.27,-0.094602485621,0.154422999457,-7.95736231059,-7.5629262019,5.19656237042,8.24707489952,14.814557401,11.7554085683,14.8022869906,11.7468992954,5.32519052357,-2.30441571688,-7.28968627421,-6.84547105929,0.1,0.5,0.01
1.28,0.0562609791388,-0.0958971209397,-7.01824095574,-6.76293182076,5.1303385714,8.26463760074,14.8510603035,11.7267043416,14.8547887847,11.7231938264,5.2501794166,-2.37054690341,-7.5011106963,-6.61311865324,0.1,0.5,0.01
1.29,0.011771999308,-0.0740197987169,-7.17067635706,-7.2850850973,5.10110971633,8.29768566824,14.8921375983,11.7103891783,14.9065200657,11.6988509334,5.17312809233,-2.43428930238,-7.70513242776,-6.37423989749,0.1,0.5,0.01
1.3,-0.0890040149096,-0.10988011218,-8.58756018135,-6.82740974963,5.03364287635,8.31827705648,14.9571102184,11.6826300896,14.9574611916,11.6738951333,5.09411259109,-2.49558000775,-7.90155012376,-6.12907053653,0.1,0.5,0.01
1.31,0.107881892764,0.0525826651157,-8.40177127745,-6.18755423552,4.99825969834,8.33790967633,15.031169611,11.6519275402,15.0075933005,11.648351548,5.01321089165,-2.55435853298,-8.09016994375,-5.87785252292,0.1,0.5,0.01
1.32,0.103747087544,-0.0174202655986,-8.78177619905,-5.39121912704,4.96228513981,8.37865862822,15.0567589508,11.620970907,15.0568983288,11.6222458793,4.93050283422,-2.61056687076,-8.27080574275,-5.62083377852,0.1,0.5,0.01
1.33,0.0670902476338,-0.105046153944,-8.69893171596,-5.89413775637,4.88855201486,8.39196521954,15.1008737768,11.6002341393,15.1053590292,11.5956043837,4.84607004167,-2.66414955026,-8.44327925502,-5.35826794979,0.1,0.5,0.01
1.34,0.0338472094934,0.103534553867,-9.21667522827,-5.3122297714,4.8372669622,8.43986311051,15.1612542126,11.581920455,15.1529589876,11.5684538468,4.75999583897,-2.71505369184,-8.60742027004,-5.0904141575,0.1,0.5,0.01
1.35,0.0963066193165,-0.0500553642308,-8.4091469119,-5.02006915076,4.80745055598,8.46843226248,15.2129765646,11.5248005263,15.1996826393,11.5408215562,4.67236517097,-2.76322905925,-8.76306680044,-4.81753674102,0.1,0.5,0.01
1.36,0.00362691896802,-0.157640871335,-8.93083246481,-4.63221896149,4.74320297728,8.48566324344,15.2541775238,11.5070030916,15.2455152845,11.5127352751,4.58326451855,-2.80862810922,-8.91006524188,-4.5399049974,0.1,0.5,0.01
1.37,0.0564850991194,-0.0144001729367,-9.8163770238,-5.16445494132,4.71572423057,8.5109255509,15.2830304662,11.4880741973,15.2904431027,11.4842232148,4.4927818133,-2.85120603838,-9.04827052466,-4.25779291565,0.1,0.5,0.01
1.38,0.0726526146227,-0.0697302504536,-9.71152285823,-4.43390206958,4.66327924774,8.53445421883,15.3375278522,11.4455118192,15.3344531662,11.4553140065,4.40100635074,-2.89092082744,-9.17754625684,-3.97147890635,0.1,0.5,0.01
1.39,-0.0229291281138,0.0316679392495,-9.73630760442,-4.18726024392,4.6276637639,8.56393814307,15.3616563215,11.4326343066,15.3775334532,11.4260366737,4.30802870215,-2.92773328271,-9.29776485888,-3.68124552685,0.1,0.5,0.01
1.4,-0.065419871284,0.0972649240125,-9.81775948839,-3.86130134469,4.58919837617,8.59748257081,15.4247775519,11.4138672756,15.4196728594,11.3964206029,4.21394062525,-2.96160707473,-9.40880768954,-3.38737920245,0.1,0.5,0.01
1.41,-0.0182719805181,-0.243476316541,-9.90999700155,-3.08244280605,4.53908307835,8.62327326939,15.4689860871,11.3595920037,15.4608612092,11.3664955152,4.11883497362,-2.99250877417,-9.51056516295,-3.09016994375,0.1,0.5,0.01
1.42,-0.0144708589535,0.0464316992578,-9.56719836761,-2.15418792902,4.49557489443,8.67847367524,15.5173634994,11.3395942932,15.5010892652,11.3362914363,4.02280560505,-3.02040788478,-9.60293685677,-2.78991106039,0.1,0.5,0.01
1.43,-0.0812047037669,0.0142709478614,-9.32049662463,-2.5363398269,4.45767501179,8.67914942491,15.5216263509,11.3152618839,15.5403487381,11.3058386676,3.92594728894,-3.04527687349,-9.68583161129,-2.48689887165,0.1,0.5,0.01
1.44,0.0909996126199,-0.0359981888288,-8.96692533374,-2.24448690995,4.42442779215,8.72969689242,15.5778548206,11.267670145,15.5786322942,11.2751677556,3.82835561275,-3.06709119763,-9.75916761939,-2.18143241397,0.1,0.5,0.01
1.45,-0.207809759138,0.0110864906134,-9.80744101297,-2.40669052139,4.39643252712,8.76842308322,15.6189344244,11.2490593831,15.6159335631,11.2443094623,3.73012688767,-3.08582932909,-9.82287250729,-1.87381314586,0.1,0.5,0.01
1.46,0.120790627467,-0.107508532892,-10.592958429,-1.28805065611,4.34023590921,8.79754841227,15.6541404343,11.24452295,15.6522471437,11.2132947346,3.63135805361,-3.10147277559,-9.87688340595,-1.5643446504,0.1,0.5,0.01
1.47,0.152691066055,0.00435218478264,-10.4781810526,-1.15038922656,4.31540475272,8.80608922237,15.7013073705,11.202951617,15.6875686095,11.1821546736,3.53214658348,-3.11400609895,-9.92114701314,-1.25333233564,0.1,0.5,0.01
1.48,-0.116514123608,-0.103786959686,-10.3321572887,-1.40717579966,4.29177185703,8.83982703978,15.70915845,11.15708462,15.7218945134,11.1509205043,3.43259038702,-3.12341693028,-9.95561964603,-0.941083133185,0.1,0.5,0.01
1.49,-0.0383297809445,-0.0788897425991,-9.17544942151,-0.26374077519,4.24430044862,8.88897861429,15.7569990626,11.1049980099,15.7552223905,11.1196235445,3.33278771418,-3.12969598224,-9.98026728428,-0.627905195293,0.1,0.5,0.01
1.5,0.050868589032,0.105067988908,-9.87150812495,-1.02278911436,4.21898240655,8.90769885049,15.7720816175,11.1002806275,15.7875507611,11.0882951739,3.23283705814,-3.13283705814,-9.99506560366,-0.314107590781,0.1,0.5,0.01
1.51,0.071042298273,-0.155503490372,-9.75477101694,0.312065207541,4.18577270157,8.97440591805,15.8045340669,11.0452993137,15.8188791317,11.0569668033,3.13283705814,-3.13283705814,-10.0,3.36902272573e-14,0.1,0.5,0.01
1.52,0.118966058628,0.00663251208344,-9.40548188964,0.511697752269,4.14586029333,8.97851816411,15.8416666813,11.008023643,15.8492079957,11.0256698435,3.03288640211,-3.12969598224,-9.99506560366,0.314107590781,0.1,0.5,0.01
1.53,0.027700422116,0.029616332266,-9.99912341395,0.127143347546,4.11977391328,9.02924886391,15.8626361966,10.9945529004,15.878538833,10.9944356742,2.93308372926,-3.12341693028,-9.98026728428,0.627905195293,0.1,0.5,0.01
1.54,0.0224604969092,-0.091874590838,-10.3543200225,1.01061586138,4.09906895047,9.03305063995,15.8997537198,10.959275605,15.9068741083,10.9632956132,2.8335275328,-3.11400609895,-9.95561964603,0.941083133185,0.1,0.5,0.01
1.55,-0.0386951391255,-0.2069871703,-9.47735653726,1.08547066797,4.06749757855,9.06643075206,15.922826422,10.9138951002,15.9342172689,10.9322808854,2.73431606267,-3.10147277559,-9.92114701314,1.25333233564,0.1,0.5,0.01
1.56,0.122509722349,-0.0296889631449,-9.36134223282,0.584273698878,4.0388952733,9.10136477024,15.9644483425,10.9084631353,15.9605727412,10.9014225921,2.63554722861,-3.08582932909,-9.87688340595,1.5643446504,0.1,0.5,0.01
1.57,0.0973585132941,-0.161227294752,-10.0315861646,2.42959983097,3.99903764589,9.12273438161,15.9982308908,10.8958354595,15.9859459263,10.8707516801,2.53731850354,-3.06709119763,-9.82287250729,1.87381314586,0.1,0.5,0.01
1.58,0.152423114084,-0.0514439374314,-9.8898090301,2.22038481733,3.99025692629,9.15709291663,16.0271266097,10.8372085004,16.0103431945,10.8402989114,2.43972682735,-3.04527687349,-9.75916761939,2.18143241397,0.1,0.5,0.01
1.59,0.0829075875309,-0.100853036015,-9.29875412536,1.77287280862,3.96285551512,9.18975888319,16.0312309843,10.8131502794,16.0337718796,10.8100948326,2.34286851123,-3.02040788478,-9.68583161129,2.48689887165,0.1,0.5,0.01
1.6,0.0540135004075,-0.0705823336921,-9.22206808431,1.47971512934,3.96602669428,9.22475865766,16.0433153785,10.774274022,16.0562402711,10.7801697448,2.24683914267,-2.99250877417,-9.60293685677,2.78991106039,0.1,0.5,0.01
1.61,-0.006186797474,-0.0781551951674,-9.51753242028,3.3729397579,3.90501098064,9.25333008191,16.0938567243,10.7365821457,16.077757606,10.7505536741,2.15173349104,-2.96160707473,-9.51056516295,3.09016994375,0.1,0.5,0.01
1.62,-0.163126293608,-0.021667846881,-8.63121390412,2.42611431288,3.89116199975,9.27235871061,16.0782290414,10.7209413793,16.0983340601,10.7212763413,2.05764541414,-2.92773328271,-9.40880768954,3.38737920245,0.1,0.5,0.01
1.63,0.216079385691,-0.0782455637854,-10.4653142367,3.54291054482,3.8837890604,9.29325296352,16.1172045476,10.7006398484,16.1179807378,10.692367133,1.96466776555,-2.89092082744,-9.29776485888,3.68124552685,0.1,0.5,0.01
1.64,-0.0186651126271,-0.0954197938362,-9.21911979346,3.99937891318,3.85104542801,9.35695032728,16.1334809879,10.6627496336,16.1367096608,10.6638550726,1.87289230298,-2.85120603838,-9.17754625684,3.97147890635,0.1,0.5,0.01
1.65,0.120064830651,-0.0547006470783,-9.04041586195,4.45840529784,3.85121685272,9.36812285155,16.1446044852,10.6396853332,16.1545337568,10.6357687915,1.78240959774,-2.80862810922,-9.04827052466,4.25779291565,0.1,0.5,0.01
1.66,0.0417067551935,-0.0547677283281,-8.77704026477,4.29637682178,3.84100730358,9.39577039182,16.1822697756,10.6043777199,16.1714668462,10.6081365009,1.69330894532,-2.76322905925,-8.91006524188,4.5399049974,0.1,0.5,0.01
1.67,0.0439617152765,0.0667392639591,-8.62453396832,4.659983357,3.80866996329,9.42850613388,16.1859421415,10.569741655,16.187523629,10.580985964,1.60567827731,-2.71505369184,-8.76306680044,4.81753674102,0.1,0.5,0.01
1.68,-0.17599362072,0.132107332053,-8.58518905301,4.63609035763,3.79774514127,9.43324385157,16.2113346683,10.5400699627,16.2027196698,10.5543444685,1.51960407461,-2.66414955026,-8.60742027004,5.0904141575,0.1,0.5,0.01
1.69,0.122437289358,-0.0499782134705,-7.64951406707,5.92704305148,3.7824324653,9.47092448228,16.2455085534,10.5279942374,16.2170713826,10.5282387998,1.43517128206,-2.61056687076,-8.44327925502,5.35826794979,0.1,0.5,0.01
1.7,-0.0954969737477,-0.0804052649133,-8.77284706654,5.58436461305,3.77269714155,9.50263601191,16.2227921197,10.5090507503,16.2305960148,10.5026952144,1.35246322464,-2.55435853298,-8.27080574275,5.62083377852,0.1,0.5,0.01
1.71,0.18829532076,0.118048394727,-8.54858602077,5.80525353596,3.77622157447,9.5438241604,16.2461401964,10.4789343632,16.2433116301,10.4777394144,1.2715615252,-2.49558000775,-8.09016994375,5.87785252292,0.1,0.5,0.01
1.72,-0.0294612356684,0.158302495365,-7.69305107649,5.30119444804,3.73905892307,9.54832221131,16.2502960344,10.4536286329,16.2552370903,10.4533965213,1.19254602396,-2.43428930238,-7.90155012376,6.12907053653,0.1,0.5,0.01
1.73,-0.0736636381722,0.185634552176,-8.31713292722,6.6348870913,3.73616282576,9.56919349608,16.2572364068,10.4414030526,16.2663920373,10.4296910523,1.11549469968,-2.37054690341,-7.70513242776,6.37423989749,0.1,0.5,0.01
1.74,0.0854710894258,0.0829496113566,-7.82863775206,5.5984236594,3.71663884508,9.59528508433,16.2916701718,10.4182436533,16.2767968732,10.4066468951,1.04048359272,-2.30441571688,-7.5011106963,6.61311865324,0.1,0.5,0.01
1.75,0.110273379315,0.0499347418096,-7.63546110976,7.56579993239,3.71920497769,9.60854018209,16.2810401788,10.379730569,16.2864727405,10.3842872851,0.967586729978,-2.23596100628,-7.28968627421,6.84547105929,0.1,0.5,0.01
1.76,0.0679386262973,0.0460362048922,-6.85582237063,7.0312595496,3.73141961335,9.63196377208,16.3053289289,10.3542650462,16.2954415011,10.3626347818,0.896876051859,-2.16525032817,-7.07106781187,7.07106781187,0.1,0.5,0.01
1.77,0.285434556148,-0.0147190120034,-6.45871661969,7.78580256847,3.6923813728,9.65629135018,16.2936901474,10.3341430275,16.3037257145,10.3417112471,0.828421341266,-2.09235346542,-6.84547105929,7.28968627421,0.1,0.5,0.01
1.78,-0.050164916948,0.0257085509149,-6.44628101603,7.85490469505,3.69732564402,9.67074057144,16.3181387403,10.3406599411,16.311348616,10.3215378236,0.762290154734,-2.01734235846,-6.61311865324,7.5011106963,0.1,0.5,0.01
1.79,0.0148439209378,-0.0608194669138,-5.88601955971,8.15505273298,3.67143883424,9.70369080786,16.3078926066,10.3201630069,16.3183340936,10.3021349132,0.698547755759,-1.94029103418,-6.37423989749,7.70513242776,0.1,0.5,0.01
1.8,0.220175728352,0.0997060004345,-6.28587189552,6.92143757463,3.66999564308,9.72075531936,16.3181773216,10.259290193,16.3247066641,10.2835221579,0.637257050394,-1.86127553295,-6.12907053653,7.90155012376,0.1,0.5,0.01
1.81,0.0692979393175,-0.0841482228656,-5.85773855819,8.05181606476,3.66991673901,9.74725865723,16.3329493004,10.2750287385,16.3304914493,10.2657184196,0.578478525164,-1.78037383351,-5.87785252292,8.09016994375,0.1,0.5,0.01
1.82,-0.0481841448641,0.0417670242613,-5.43849944591,8.64764145142,3.65476299939,9.75031395201,16.3451938567,10.250768698,16.3357141512,10.2487417618,0.522270187379,-1.69766577608,-5.62083377852,8.27080574275,0.1,0.5,0.01
1.83,-0.0283096012733,-0.107537504245,-5.19475821119,9.20769442714,3.6515259976,9.77268162225,16.3313246689,10.2293980324,16.3404010263,10.232609432,0.468687507881,-1.61323298353,-5.35826794979,8.44327925502,0.1,0.5,0.01
1.84,0.0366898882082,0.0284776763508,-4.84269965735,8.52736851305,3.64710245929,9.77389836459,16.3371264781,10.2166694597,16.3445788599,10.2173378442,0.417783366306,-1.52715878083,-5.0904141575,8.60742027004,0.1,0.5,0.01
1.85,-0.056651861779,-0.067165356365,-4.75965554361,8.33721228823,3.6758503777,9.80423765464,16.3380358525,10.1835139372,16.3482749399,10.202942563,0.369607998896,-1.43952811283,-4.81753674102,8.76306680044,0.1,0.5,0.01
1.86,0.161458706377,-0.190186121672,-3.21883933308,8.45383109079,3.63937511842,9.82134646005,16.3417787633,10.1562439692,16.3515170294,10.1894382884,0.324208948922,-1.35042746041,-4.5399049974,8.91006524188,0.1,0.5,0.01
1.87,-0.0599231484745,0.115458248831,-3.84950805469,8.51483765272,3.64236740119,9.83484558874,16.3572384823,10.1583729277,16.3543333396,10.1768388409,0.281631019766,-1.25994475516,-4.25779291565,9.04827052466,0.1,0.5,0.01
1.88,0.0274433118192,-0.106101990614,-4.62423988538,9.07217806817,3.66140782277,9.85267831741,16.3745880649,10.1485532093,16.3567525019,10.1651571479,0.241916230702,-1.16816929259,-3.97147890635,9.17754625684,0.1,0.5,0.01
1.89,0.086141193018,0.0192349783124,-4.12531727516,9.16758476306,3.65808106621,9.84127204449,16.3674962015,10.1458591075,16.3588035397,10.1544052315,0.205103775434,-1.075191644,-3.68124552685,9.29776485888,0.1,0.5,0.01
1.9,-0.0158782066867,-0.130529770032,-2.98364123775,9.39754407833,3.6483648998,9.85716632395,16.358307261,10.1455647478,16.3605158395,10.1445941958,0.171229983409,-0.981103567107,-3.38737920245,9.40880768954,0.1,0.5,0.01
1.91,0.0764799927862,-0.000984486855163,-3.28620517599,10.3575805431,3.63438861349,9.86260084761,16.359141813,10.1406180593,16.3619191224,10.1357342167,0.140328283972,-0.885997915478,-3.09016994375,9.51056516295,0.1,0.5,0.01
1.92,0.0778145744112,-0.0939283687728,-2.18101832529,9.25695487784,3.63004057666,9.88052112458,16.3468488872,10.1259705603,16.3630434141,10.1278345312,0.112429173368,-0.78996854691,-2.78991106039,9.60293685677,0.1,0.5,0.01
1.93,0.0795864824395,0.223657640406,-2.43181736048,9.65331743991,3.64227354975,9.88940205727,16.3701605155,10.1228898467,16.3639190159,10.1209034289,0.0875601846513,-0.693110230797,-2.48689887165,9.68583161129,0.1,0.5,0.01
1.94,-0.160087296614,0.11558257015,-2.38326777769,9.54922056614,3.62362109647,9.86607944702,16.3792575124,10.1165569365,16.3645764745,10.1149482434,0.0657458605116,-0.595518554604,-2.18143241397,9.75916761939,0.1,0.5,0.01
1.95,-0.00847506252268,-0.0347857415608,-1.40351205097,10.1215970147,3.63389899494,9.89209725245,16.3679450557,10.096761916,16.3650465518,10.1099753451,0.047007729053,-0.497289829531,-1.87381314586,9.82287250729,0.1,0.5,0.01
1.96,-0.118649650902,-0.00953457868122,-1.96646503969,10.3697357654,3.63531734615,9.87807350916,16.3545103752,10.0936238778,16.3653601947,10.1059901351,0.031364282549,-0.398520995471,-1.5643446504,9.87688340595,0.1,0.5,0.01
1.97,0.0656577022943,0.00958758828629,-0.675917312128,10.1312686742,3.63384555058,9.89341448551,16.3776458252,10.1097937584,16.3655485042,10.1029970398,0.0188309591926,-0.29930952534,-1.25333233564,9.92114701314,0.1,0.5,0.01
1.98,0.139481838737,-0.126890341353,-1.17302163216,9.58602124348,3.63682806674,9.9044360334,16.3696036671,10.1086067439,16.3656427055,10.1009995066,0.00942012786074,-0.199753328879,-0.941083133185,9.95561964603,0.1,0.5,0.01
1.99,0.0187527055671,-0.00674983949631,0.0356339633562,10.2158167388,3.63831073587,9.90774767961,16.3415616416,10.0965569696,16.3656741163,10.1,0.00314107590781,-0.0999506560366,-0.627905195293,9.98026728428,0.1,0.5,0.01
2.0,-0.0531371033434,0.0779248170979,-0.734077389419,9.92300057676,3.62920239897,9.8990348237,16.3745851897,10.1018953551,16.3656741163,10.1,-2.27205407266e-15,1.72778458207e-14,-0.314107590781,9.99506560366,0.1,0.5,0.01
2.01,0.0621271533099,-0.0402728491359,0.141825566408,-10.2170372429,3.65041611274,9.89095016528,16.3795492858,10.0823815728,16.3656741163,10.099,-2.69165115543e-15,-0.1,-4.19597082774e-14,-10.0,0.1,0.5,0.01
2.02,0.154036365397,-0.00322553741342,-0.540898584147,-10.4053161072,3.63986744048,9.9002214638,16.3746238419,10.0916334206,16.3656427055,10.0970004934,-0.00314107590782,-0.199950656037,-0.314107590781,-9.99506560366,0.1,0.5,0.01
2.03,0.0777071371719,0.112945665011,-1.35619455927,-10.544495072,3.63649746286,9.92236277835,16.3749813312,10.0948451231,16.3655485042,10.0940029602,-0.00942012786075,-0.299753328879,-0.627905195293,-9.98026728428,0.1,0.5,0.01
2.04,0.23280099099,-0.0687583171706,-1.27687498618,-9.86632545768,3.62764667083,9.92049353215,16.38482788,10.0905119017,16.3653601947,10.0900098649,-0.0188309591926,-0.39930952534,-0.941083133185,-9.95561964603,0.1,0.5,0.01
2.05,0.0268206517508,0.0530819391716,-0.676204769866,-9.63851297599,3.64512615561,9.92385174864,16.3754412365,10.0932015368,16.3650465518,10.0850246549,-0.031364282549,-0.498520995471,-1.25333233564,-9.92114701314,0.1,0.5,0.01
2.06,0.0432105542144,0.121139014566,-1.44073688896,-9.96152581355,3.63218668112,9.90803087807,16.3573018445,10.0989074623,16.3645764745,10.0790517566,-0.0470077290531,-0.597289829531,-1.5643446504,-9.87688340595,0.1,0.5,0.01
2.07,-0.0226557438516,0.0841113990975,-2.07709830577,-10.7498653906,3.65177553969,9.90673283025,16.366325247,10.0813238816,16.3639190159,10.0720965711,-0.0657458605116,-0.695518554604,-1.87381314586,-9.82287250729,0.1,0.5,0.01
2.08,0.118250031569,0.233261399389,-2.31827172695,-10.1786764274,3.63076296333,9.92582949642,16.3526980018,10.0465658941,16.3630434141,10.0641654688,-0.0875601846513,-0.793110230797,-2.18143241397,-9.75916761939,0.1,0.5,0.01
2.09,-0.069524274846,0.0370936206049,-1.90030167759,-9.78610790573,3.61305188446,9.93669670825,16.354478527,10.0416905867,16.3619191224,10.0552657833,-0.112429173368,-0.88996854691,-2.48689887165,-9.68583161129,0.1,0.5,0.01
2.1,0.0844836183544,-0.226239414133,-2.54572649718,-9.3995451324,3.63493760975,9.94248052562,16.3667623501,10.0391495614,16.3605158395,10.0454058042,-0.140328283972,-0.985997915478,-2.78991106039,-9.60293685677,0.1,0.5,0.01
2.11,-0.077206089085,-0.202897549257,-2.96732680165,-9.22992281885,3.62565140558,9.97027838701,16.3450038239,10.0267662547,16.3588035397,10.0345947685,-0.171229983409,-1.08110356711,-3.09016994375,-9.51056516295,0.1,0.5,0.01
2.12,-0.0650514982113,-0.245017683743,-3.63574280421,-8.92061687692,3.64108685623,9.97533564289,16.3583434015,10.025386919,16.3567525019,10.0228428521,-0.205103775434,-1.175191644,-3.38737920245,-9.40880768954,0.1,0.5,0.01
2.13,-0.00587463234774,0.0180139527782,-3.72818319501,-9.73355504394,3.65312166111,9.98809495809,16.3444339678,10.0094654295,16.3543333396,10.0101611591,-0.241916230702,-1.26816929259,-3.68124552685,-9.29776485888,0.1,0.5,0.01
2.14,-0.117717344536,-0.123950833622,-4.0864700959,-8.70302846809,3.63132472465,10.0258402754,16.3713288696,9.98764998274,16.3515170294,9.99656171158,-0.281631019766,-1.35994475516,-3.97147890635,-9.17754625684,0.1,0.5,0.01
2.15,-0.0189617729424,-0.0570173517689,-4.65498294186,-9.20572444486,3.63652442457,10.0480939816,16.3491930131,9.99141596862,16.3482749399,9.98205743698,-0.324208948922,-1.45042746041,-4.25779291565,-9.04827052466,0.1,0.5,0.01
2.16,-0.0714748545156,-0.0673032764011,-5.03977289017,-8.15181873126,3.65254805201,10.036298761,16.3486670483,9.98466611471,16.3445788599,9.96666215585,-0.369607998896,-1.53952811283,-4.5399049974,-8.91006524188,0.1,0.5,0.01
2.17,-0.102007548737,0.065780027499,-5.92138703088,-9.23548808971,3.65581340994,10.0626086104,16.3310201284,9.95736766637,16.3404010263,9.95039056804,-0.417783366306,-1.62715878083,-4.81753674102,-8.76306680044,0.1,0.5,0.01
2.18,-0.105357355396,0.0875287618541,-6.01846811126,-7.90875421384,3.6638439453,10.0702996555,16.3336160865,9.92808539002,16.3357141512,9.93325823821,-0.468687507881,-1.71323298353,-5.0904141575,-8.60742027004,0.1,0.5,0.01
2.19,0.0444624694764,-0.00912055066509,-4.45420058576,-8.41402093718,3.68310402221,10.0907320305,16.3190310064,9.9212692721,16.3304914493,9.91528158044,-0.522270187379,-1.79766577608,-5.35826794979,-8.44327925502,0.1,0.5,0.01
2.2,-0.136561124827,0.0117607841302,-5.96402999254,-8.31760261268,3.67778785095,10.1084797336,16.3415195729,9.90840330834,16.3247066641,9.89647784211,-0.578478525164,-1.88037383351,-5.62083377852,-8.27080574275,0.1,0.5,0.01
2.21,-0.1758258475,0.127749564739,-6.05731862838,-9.45073226085,3.68300847549,10.122186232,16.3173912372,9.88633138116,16.3183340936,9.87686508678,-0.637257050394,-1.96127553295,-5.87785252292,-8.09016994375,0.1,0.5,0.01
2.22,0.0738526416989,-0.0830345196704,-6.05389866876,-8.75379564977,3.68099311661,10.1221333349,16.3009807061,9.84807159057,16.311348616,9.85646217644,-0.698547755759,-2.04029103418,-6.12907053653,-7.90155012376,0.1,0.5,0.01
2.23,0.226425218415,0.117232666094,-6.69874930982,-7.47611611856,3.68865483658,10.1614973802,16.2941535926,9.83776025943,16.3037257145,9.83528875285,-0.762290154734,-2.11734235846,-6.37423989749,-7.70513242776,0.1,0.5,0.01
2.24,0.025255179247,-0.0488667751612,-6.91741757826,-8.41943275064,3.70598618627,10.1838484385,16.2881673014,9.80997505405,16.2954415011,9.8133652182,-0.828421341266,-2.19235346542,-6.61311865324,-7.5011106963,0.1,0.5,0.01
2.25,-0.0670866576313,-0.0540664207603,-6.99238540624,-6.60040081104,3.70440113446,10.1892274765,16.2971677574,9.78942099446,16.2864727405,9.79071271492,-0.896876051859,-2.26525032817,-6.84547105929,-7.28968627421,0.1,0.5,0.01
2.26,0.0795918862356,-0.0998498297674,-7.1732662513,-6.6281762103,3.72168109851,10.2426866763,16.2715074085,9.76043786236,16.2767968732,9.76735310485,-0.967586729978,-2.33596100628,-7.07106781187,-7.07106781187,0.1,0.5,0.01
2.27,-0.0495389353933,0.0167238724172,-7.25226711126,-6.35692150334,3.73617974634,10.2624195746,16.265402032,9.74121136159,16.2663920373,9.74330894769,-1.04048359272,-2.40441571688,-7.28968627421,-6.84547105929,0.1,0.5,0.01
2.28,-0.0426012545521,-0.0193944237086,-7.95028292924,-6.62177557867,3.73747237219,10.2963569903,16.2588432257,9.7254875389,16.2552370903,9.71860347865,-1.11549469968,-2.47054690341,-7.5011106963,-6.61311865324,0.1,0.5,0.01
2.29,-0.0929969315944,-0.113251644105,-6.97906219912,-7.0590343937,3.75641820891,10.3196028662,16.2393329399,9.70554001113,16.2433116301,9.69326058563,-1.19254602396,-2.53428930238,-7.70513242776,-6.37423989749,0.1,0.5,0.01
2.3,-0.00905162609189,-0.0228558156101,-8.76194592703,-5.50901668046,3.75678710838,10.3434681525,16.2206113808,9.68286449284,16.2305960148,9.66730478555,-1.2715615252,-2.59558000775,-7.90155012376,-6.12907053653,0.1,0.5,0.01
2.31,0.0483069690293,-0.0797578416734,-8.46090379827,-6.19709693939,3.7784251684,10.3614241695,16.2225019178,9.64006648056,16.2170713826,9.64076120022,-1.35246322464,-2.65435853298,-8.09016994375,-5.87785252292,0.1,0.5,0.01
2.32,0.0341217192991,-0.0234962208019,-7.749198529,-5.31337073311,3.80192368495,10.3904491627,16.2159037411,9.61590753843,16.2027196698,9.61365553151,-1.43517128206,-2.71056687076,-8.27080574275,-5.62083377852,0.1,0.5,0.01
2.33,0.0594865687195,-0.154168577502,-8.60897630669,-5.29852399472,3.81786921512,10.4092102508,16.1805990864,9.59260035879,16.187523629,9.58601403601,-1.51960407461,-2.76414955026,-8.44327925502,-5.35826794979,0.1,0.5,0.01
2.34,-0.0489285170597,0.0413427361652,-8.06444774686,-5.11103889235,3.8265281651,10.4293570694,16.171550685,9.55446205091,16.1714668462,9.55786349909,-1.60567827731,-2.81505369184,-8.60742027004,-5.0904141575,0.1,0.5,0.01
2.35,0.191983340049,0.184942702235,-9.18777075309,-4.4868979394,3.85132083503,10.4702608415,16.1457815715,9.53302113529,16.1545337568,9.5292312085,-1.69330894532,-2.86322905925,-8.76306680044,-4.81753674102,0.1,0.5,0.01
2.36,0.0814376100856,0.0845220270261,-9.31531420858,-5.27850841475,3.86365210493,10.5031327109,16.1317358782,9.49165410714,16.1367096608,9.50014492741,-1.78240959774,-2.90862810922,-8.91006524188,-4.5399049974,0.1,0.5,0.01
2.37,-0.051567217586,-0.0305728492205,-9.00241678274,-4.17796697099,3.87612238244,10.5229278165,16.1217898067,9.47354666293,16.1179807378,9.47063286702,-1.87289230298,-2.95120603838,-9.04827052466,-4.25779291565,0.1,0.5,0.01
2.38,0.0843310024773,0.0271035127433,-9.23099825179,-3.49730347963,3.89106374766,10.5602715422,16.101369785,9.43115138952,16.0983340601,9.44072365875,-1.96466776555,-2.99092082744,-9.17754625684,-3.97147890635,0.1,0.5,0.01
2.39,-0.0649062349537,0.0305136077534,-9.00463990788,-3.52704381784,3.92373095131,10.6038102131,16.0811419432,9.4019564254,16.077757606,9.41044632592,-2.05764541414,-3.02773328271,-9.29776485888,-3.68124552685,0.1,0.5,0.01
2.4,-0.185438505028,0.107173829547,-9.90777470491,-3.49056050333,3.96275463419,10.6146205719,16.072350728,9.37591895537,16.0562402711,9.37983025517,-2.15173349104,-3.06160707473,-9.40880768954,-3.38737920245,0.1,0.5,0.01
2.41,-0.169888495205,-0.209036101827,-10.2519097872,-2.38201778367,3.98577647493,10.673257304,16.0296575517,9.35419188329,16.0337718796,9.34890516743,-2.24683914267,-3.09250877417,-9.51056516295,-3.09016994375,0.1,0.5,0.01
2.42,0.0900480132357,-0.172346795672,-10.3932631091,-2.50717451012,3.96707682115,10.6809721851,16.030303348,9.31289176734,16.0103431945,9.31770108859,-2.34286851123,-3.12040788478,-9.60293685677,-2.78991106039,0.1,0.5,0.01
2.43,-0.0911888895059,0.18830501141,-9.19927208234,-2.72737565535,4.01012396376,10.7103791758,15.9904492843,9.29206784217,15.9859459263,9.28624831985,-2.43972682735,-3.14527687349,-9.68583161129,-2.48689887165,0.1,0.5,0.01
2.44,-0.0708273785078,-0.171841435237,-10.3164241922,-2.60920462144,4.02559109669,10.7520163775,15.9507961572,9.26935560845,15.9605727412,9.25457740787,-2.53731850354,-3.16709119763,-9.75916761939,-2.18143241397,0.1,0.5,0.01
2.45,0.0250067377954,-0.0909318773606,-9.72566525366,-1.02603625606,4.07154405624,10.7982384777,15.9442285972,9.22901465741,15.9342172689,9.22271911458,-2.63554722861,-3.18582932909,-9.82287250729,-1.87381314586,0.1,0.5,0.01
2.46,0.0514925145366,-0.119074815781,-9.49227828815,-1.45815960076,4.09631568802,10.8070516156,15.9122421159,9.18173283072,15.9068741083,9.19070438683,-2.73431606267,-3.20147277559,-9.87688340595,-1.5643446504,0.1,0.5,0.01
2.47,-0.128504278628,0.0438479072214,-10.1089569131,-0.725932336179,4.12832658642,10.8268466102,15.8915476788,9.15518185651,15.878538833,9.15856432584,-2.8335275328,-3.21400609895,-9.92114701314,-1.25333233564,0.1,0.5,0.01
2.48,0.0221441415754,-0.157878379808,-9.26921207454,-1.1316681534,4.14913829469,10.8629182804,15.8395846936,9.11471800398,15.8492079957,9.12633015653,-2.93308372926,-3.22341693028,-9.95561964603,-0.941083133185,0.1,0.5,0.01
2.49,0.211585314465,0.0996963097998,-10.4036730677,-0.0186294262711,4.18171226758,10.9094246048,15.808484244,9.10408519896,15.8188791317,9.09403319671,-3.03288640211,-3.22969598224,-9.98026728428,-0.627905195293,0.1,0.5,0.01
2.5,0.0565174528466,-0.0435733438117,-8.41307128615,-0.35107028846,4.20245835733,10.9395871812,15.7863371554,9.05777285125,15.7875507611,9.06170482613,-3.13283705814,-3.23283705814,-9.99506560366,-0.314107590782,0.1,0.5,0.01
2.51,-0.0629815666962,-0.110472467632,-10.3179658927,-0.439373272831,4.25133005242,10.9926664268,15.7379626495,9.04007229138,15.7552223905,9.02937645555,-3.23283705814,-3.23283705814,-10.0,-2.96160394386e-13,0.1,0.5,0.01
2.52,-0.0506515125068,0.00386850249374,-10.0120795032,0.233506643653,4.26957806516,11.0233813425,15.6921513858,9.00392167572,15.7218945134,8.99707949573,-3.33278771418,-3.22969598224,-9.99506560366,0.314107590781,0.1,0.5,0.01
2.53,-0.0908580134256,0.0222474587104,-9.99082765495,0.595792937805,4.30640012831,11.0200891792,15.6859712368,8.96939968148,15.6875686095,8.96484532642,-3.43259038702,-3.22341693028,-9.98026728428,0.627905195293,0.1,0.5,0.01
2.54,-0.00172265107649,-0.102857139855,-9.53382575088,1.52678816181,4.3502230645,11.0880336958,15.6585967465,8.90911462043,15.6522471437,8.93270526543,-3.53214658348,-3.21400609895,-9.95561964603,0.941083133185,0.1,0.5,0.01
2.55,-0.13855328715,-0.0870601634574,-9.26722024739,1.2695403561,4.386016201,11.1052759276,15.6278152677,8.90835527834,15.6159335631,8.90069053768,-3.63135805361,-3.20147277559,-9.92114701314,1.25333233564,0.1,0.5,0.01
2.56,-0.129456160314,0.0770797760198,-9.03840457953,1.43666998422,4.42018257439,11.1193706831,15.5824223401,8.86014997521,15.5786322942,8.86883224439,-3.73012688767,-3.18582932909,-9.87688340595,1.5643446504,0.1,0.5,0.01
2.57,0.0169461119745,-0.100673032402,-9.29565380994,2.6842938102,4.4688456524,11.1759714157,15.537944989,8.83934109058,15.5403487381,8.83716133241,-3.82835561275,-3.16709119763,-9.82287250729,1.87381314586,0.1,0.5,0.01
2.58,-0.194845712696,-0.167824390592,-10.648248627,2.05266734208,4.48637112705,11.1889194578,15.5063585209,8.80631835754,15.5010892652,8.80570856368,-3.92594728894,-3.14527687349,-9.75916761939,2.18143241397,0.1,0.5,0.01
2.59,-0.0381874010286,0.0505652610346,-9.8280778997,2.28561145715,4.53689334706,11.2273000699,15.468357755,8.78579713964,15.4608612092,8.77450448483,-4.02280560505,-3.12040788478,-9.68583161129,2.48689887165,0.1,0.5,0.01
2.6,-0.00842772914799,0.00694952256276,-8.92069797599,2.87246061302,4.57975724935,11.2519927498,15.4184132135,8.73494138248,15.4196728594,8.74357939709,-4.11883497362,-3.09250877417,-9.60293685677,2.78991106039,0.1,0.5,0.01
2.61,0.0736957203954,-0.0330448159216,-8.93562775214,3.50784515332,4.622949663,11.3015213536,15.3792024442,8.71221191731,15.3775334532,8.71296332634,-4.21394062525,-3.06160707473,-9.51056516295,3.09016994375,0.1,0.5,0.01
2.62,-0.0208735835178,-0.178554035376,-9.04359056789,3.17316645366,4.66081522635,11.3121265012,15.3506703879,8.6814521072,15.3344531662,8.68268599351,-4.30802870215,-3.02773328271,-9.40880768954,3.38737920245,0.1,0.5,0.01
2.63,-0.00178625351641,-0.12444097422,-8.55241493856,3.2357546352,4.70737762736,11.3613134121,15.2732425026,8.65211931704,15.2904431027,8.65277678524,-4.40100635074,-2.99092082744,-9.29776485888,3.68124552685,0.1,0.5,0.01
2.64,-0.156641699217,-0.0282028112516,-8.74511155925,3.04281942353,4.75859873943,11.366669631,15.2497009187,8.60652467017,15.2455152845,8.62326472485,-4.4927818133,-2.95120603838,-9.17754625684,3.97147890635,0.1,0.5,0.01
2.65,-0.0234185508627,-0.0411961643888,-9.10562778241,5.2035252021,4.79810044756,11.4070353415,15.1797181734,8.61303628884,15.1996826393,8.59417844376,-4.58326451855,-2.90862810922,-9.04827052466,4.25779291565,0.1,0.5,0.01
2.66,0.0800902756594,-0.0177482781754,-8.9414320946,4.06516966063,4.85110583256,11.4512655373,15.1565164097,8.57397731717,15.1529589876,8.56554615317,-4.67236517097,-2.86322905925,-8.91006524188,4.5399049974,0.1,0.5,0.01
2.67,-0.0118616406694,0.0314905152063,-8.57413024568,4.88232778397,4.87396229041,11.4618243548,15.1035123742,8.55725122373,15.1053590292,8.53739561625,-4.75999583897,-2.81505369184,-8.76306680044,4.81753674102,0.1,0.5,0.01
2.68,-0.0161428532233,-0.0185857681286,-7.44402587555,4.61443808388,4.96052685872,11.4824266486,15.0623038289,8.5260254488,15.0568983288,8.50975412075,-4.84607004167,-2.76414955026,-8.60742027004,5.0904141575,0.1,0.5,0.01
2.69,-0.0765915622057,0.0420950392934,-8.39598498912,5.23672595216,4.99775834992,11.5056912732,14.9880039797,8.48392571316,15.0075933005,8.48264845204,-4.93050283422,-2.71056687076,-8.44327925502,5.35826794979,0.1,0.5,0.01
2.7,-0.105140360077,-0.0512163014637,-8.32461063091,5.49446146473,5.0505063276,11.5657099619,14.9530933076,8.44945141005,14.9574611916,8.45610486671,-5.01321089165,-2.65435853298,-8.27080574275,5.62083377852,0.1,0.5,0.01
2.71,-0.0315884230343,-0.0631658672956,-8.43129933937,6.09416661923,5.08977982086,11.5500584953,14.924744649,8.44518544452,14.9065200657,8.43014906663,-5.09411259109,-2.59558000775,-8.09016994375,5.87785252292,0.1,0.5,0.01
2.72,-0.125808655111,-0.0216340599163,-8.13980742827,5.8855333759,5.13824153877,11.5898713368,14.8621088934,8.42184990066,14.8547887847,8.40480617361,-5.17312809233,-2.53428930238,-7.90155012376,6.12907053653,0.1,0.5,0.01
2.73,-0.16211457543,-0.194913332771,-8.46848839777,6.60882996631,5.21167283955,11.6160531757,14.8067626671,8.38600388201,14.8022869906,8.38010070458,-5.2501794166,-2.47054690341,-7.70513242776,6.37423989749,0.1,0.5,0.01
2.74,-0.270546032716,-0.082484102057,-7.81825079407,6.63367858552,5.24395414483,11.6165632754,14.7549826672,8.32608953674,14.7490350853,8.35605654741,-5.32519052357,-2.40441571688,-7.5011106963,6.61311865324,0.1,0.5,0.01
2.75,-0.010694559868,0.0358951943494,-8.33769735987,7.70180354898,5.31139594048,11.6616846191,14.6920734044,8.33443248094,14.6950542115,8.33269693734,-5.39808738631,-2.33596100628,-7.28968627421,6.84547105929,0.1,0.5,0.01
2.76,-0.0110641179137,0.046523781274,-5.58160367423,7.1521700432,5.36031450269,11.6914519446,14.6264419545,8.30283230685,14.6403662308,8.31004443406,-5.46879806443,-2.26525032817,-7.07106781187,7.07106781187,0.1,0.5,0.01
2.77,-0.170463980399,-0.0466630343316,-6.58778183631,7.64925484246,5.410969267,11.7001806647,14.5899854263,8.28332903274,14.5849937031,8.28812089941,-5.53725277502,-2.19235346542,-6.84547105929,7.28968627421,0.1,0.5,0.01
2.78,0.0352851279195,-0.0687714707505,-6.37747099227,7.63874664867,5.48120266147,11.7393140808,14.5232154179,8.27537159544,14.5289598635,8.26694747582,-5.60338396155,-2.11734235846,-6.61311865324,7.5011106963,0.1,0.5,0.01
2.79,-0.0820658750332,0.0116520750577,-6.36580483878,7.91668942971,5.5301005959,11.7369210504,14.462017908,8.24989282131,14.4722885999,8.24654456548,-5.66712636053,-2.04029103418,-6.37423989749,7.70513242776,0.1,0.5,0.01
2.8,-0.166471964013,-0.08802966414,-6.61508599672,7.34515611875,5.5853076002,11.7519561243,14.4080898433,8.22412596927,14.4150044292,8.22693181015,-5.72841706589,-1.96127553295,-6.12907053653,7.90155012376,0.1,0.5,0.01
2.81,-0.0636803418909,-0.0312168005399,-6.05993677838,7.580156197,5.64043352594,11.7884619622,14.3547833215,8.21105715329,14.3571324733,8.20812807182,-5.78719559112,-1.88037383351,-5.87785252293,8.09016994375,0.1,0.5,0.01
2.82,0.0331421843092,0.0342771696631,-5.07392425239,9.15549356991,5.71340771546,11.8303956752,14.2922576959,8.18959827239,14.298698434,8.19015141406,-5.84340392891,-1.79766577608,-5.62083377852,8.27080574275,0.1,0.5,0.01
2.83,-0.0841444551718,-0.0375249029144,-6.18007232781,8.15232726768,5.75670453022,11.8278432186,14.2507103402,8.18376044103,14.2397285679,8.17301908422,-5.89698660841,-1.71323298353,-5.35826794979,8.44327925502,0.1,0.5,0.01
2.84,0.0619180749343,-0.132197032075,-5.22910163816,7.81003167161,5.81667702826,11.8462317897,14.1851410279,8.14676907068,14.1802496604,8.15674749641,-5.94789074998,-1.62715878083,-5.0904141575,8.60742027004,0.1,0.5,0.01
2.85,-0.010297883756,-0.0320504488282,-3.50985037707,8.94391306856,5.8839937444,11.8669735865,14.1200442787,8.14483195624,14.1202889992,8.14135221528,-5.99606611739,-1.53952811283,-4.81753674102,8.76306680044,0.1,0.5,0.01
2.86,-0.235248544914,0.0722080339698,-4.09010752176,9.19027410342,5.94059102714,11.8682082115,14.0578167298,8.13099242005,14.0598743476,8.12684794068,-6.04146516737,-1.45042746041,-4.5399049974,8.91006524188,0.1,0.5,0.01
2.87,-0.23985367587,-0.171994480083,-4.31127797666,8.97394376788,6.00772387477,11.8965637038,13.9909434288,8.11146365737,13.9990339166,8.11324849313,-6.08404309652,-1.35994475516,-4.25779291565,9.04827052466,0.1,0.5,0.01
2.88,-0.0898845680965,-0.107603966516,-4.36392688702,9.60215374826,6.06336692771,11.8975295281,13.9528486499,8.10522391704,13.9377963377,8.1005668002,-6.12375788559,-1.26816929259,-3.97147890635,9.17754625684,0.1,0.5,0.01
2.89,-0.0497362613083,0.198463556957,-3.88874976653,9.16248037521,6.11593310959,11.9260870663,13.8677993315,8.08557651025,13.8761906343,8.08881488376,-6.16057034085,-1.175191644,-3.68124552685,9.29776485888,0.1,0.5,0.01
2.9,-0.222652088911,-0.122757248525,-2.99717162552,9.03006839432,6.17540534329,11.9308217288,13.8309932504,8.04903079421,13.814246193,8.07800384809,-6.19444413288,-1.08110356711,-3.38737920245,9.40880768954,0.1,0.5,0.01
2.91,-0.0203364636461,-0.0755686939328,-3.04565001921,8.53916367554,6.27270194339,11.9317545057,13.7600727827,8.06455804695,13.7519927347,8.06814386894,-6.22534583232,-0.985997915478,-3.09016994375,9.51056516295,0.1,0.5,0.01
2.92,-0.311808164107,-0.116884681039,-3.35383945211,10.021736555,6.30547681724,11.9492573058,13.7095976143,8.0558639826,13.6894602852,8.05924418347,-6.25324494292,-0.88996854691,-2.78991106039,9.60293685677,0.1,0.5,0.01
2.93,-0.0791536652711,0.211876597337,-2.57577529345,9.24950517559,6.36763133396,11.9715304774,13.6297656375,8.06624486376,13.6266791459,8.05131308116,-6.27811393164,-0.793110230798,-2.48689887165,9.68583161129,0.1,0.5,0.01
2.94,-0.0275871773379,-0.0581622125525,-2.85346782403,9.31847175986,6.44305063435,11.9534273921,13.5743718261,8.03993184131,13.5636798634,8.04435789561,-6.29992825578,-0.695518554604,-2.18143241397,9.75916761939,0.1,0.5,0.01
2.95,-0.11329335856,-0.0355919800151,-2.4054442252,9.82099414327,6.49838537955,11.9536685057,13.5073644197,8.01607310659,13.5004931995,8.03838499732,-6.31866638723,-0.597289829531,-1.87381314586,9.82287250729,0.1,0.5,0.01
2.96,-0.130308892039,0.017456611833,-1.22264888049,9.37925532684,6.56936624873,11.9712944323,13.4433257368,8.04094966381,13.4371501012,8.03339978736,-6.33430983374,-0.498520995471,-1.5643446504,9.87688340595,0.1,0.5,0.01
2.97,-0.113316600693,0.172078277064,-1.90246403078,9.72218662434,6.62961018806,11.961400578,13.3565843036,8.04622873873,13.3736816696,8.02940669211,-6.34684315709,-0.39930952534,-1.25333233564,9.92114701314,0.1,0.5,0.01
2.98,0.0553274980879,0.108528069964,-0.860330314385,11.177190045,6.68063378999,11.9510366348,13.3094090557,8.03766389794,13.3101191297,8.02640915882,-6.35625398843,-0.29975332888,-0.941083133186,9.95561964603,0.1,0.5,0.01
2.99,-0.0780183452127,-0.0957926840516,-0.731517136966,9.31243681804,6.75522810138,11.9742557877,13.2401297434,8.04330099261,13.2464937993,8.02440965226,-6.36253304038,-0.199950656037,-0.627905195294,9.98026728428,0.1,0.5,0.01
3.0,0.00187622537694,-0.0673954709104,-0.469353304116,10.2415880983,6.83075053376,11.9817224485,13.166995696,8.00846060067,13.1828370581,8.02340965226,-6.36567411629,-0.1,-0.314107590782,9.99506560366,0.1,0.5,0.01
3.01,-0.0323668810018,-0.0208251310833,0.0514270782507,10.6354417561,6.87804195658,11.9868168043,13.124522032,8.02173724442,13.119180317,8.02340965226,-6.36567411629,-1.69822489404e-13,-6.25398712852e-13,10.0,0.1,0.5,0.01
3.02,-0.214695818129,-0.00101356035373,0.355542604878,9.95288933802,6.93944487527,11.9636841214,13.0529908886,8.03568557015,13.0555549866,8.02440915882,-6.36253304038,0.0999506560364,0.314107590781,9.99506560366,0.1,0.5,0.01
3.03,0.116152428222,0.135272825515,0.622044069315,11.0183778885,6.99690945609,11.9730789607,12.9767739806,8.0259285385,12.9919924467,8.02640669211,-6.35625398843,0.199753328879,0.627905195292,9.98026728428,0.1,0.5,0.01
3.04,0.187897820315,0.0227329782828,-0.223186194762,9.68556265478,7.06846556573,11.9674186174,12.9195336394,8.02648787185,12.9285240151,8.02939978736,-6.34684315709,0.29930952534,0.941083133184,9.95561964603,0.1,0.5,0.01
3.05,-0.0274810419724,0.10104526296,1.72264458129,10.1804436783,7.12884208677,11.9680823617,12.8520084666,8.0313715619,12.8651809168,8.03338499732,-6.33430983374,0.398520995471,1.25333233564,9.92114701314,0.1,0.5,0.01
3.06,0.00939364076133,-0.0234731867741,1.72132432572,10.3041140927,7.19752284065,11.9677940933,12.8085534829,8.02836861388,12.8019942529,8.03835789561,-6.31866638723,0.497289829531,1.5643446504,9.87688340595,0.1,0.5,0.01
3.07,-0.166705266541,-0.00864821585437,1.39609824093,9.91390503609,7.24065734542,11.9513390472,12.7365007588,8.04723386083,12.7389949704,8.04431308116,-6.29992825578,0.595518554603,1.87381314586,9.82287250729,0.1,0.5,0.01
3.08,-0.154330001854,0.0561972779973,2.76365442186,9.85376633037,7.32432405426,11.9402867271,12.6870041193,8.05272477288,12.676213831,8.05124418347,-6.27811393164,0.693110230797,2.18143241396,9.75916761939,0.1,0.5,0.01
3.09,-0.190854589084,0.0297462290406,2.74171391889,8.85610777303,7.36761288173,11.9423087741,12.6308916999,8.06202497236,12.6136813816,8.05914386894,-6.25324494292,0.78996854691,2.48689887165,9.68583161129,0.1,0.5,0.01
3.1,-0.0886219113231,-0.0754461232691,2.34379143085,8.59761127983,7.46717992706,11.9246262141,12.5512172782,8.06210658508,12.5514279233,8.06800384809,-6.22534583232,0.885997915478,2.78991106039,9.60293685677,0.1,0.5,0.01
3.11,-0.18163821203,0.126417273034,3.2917147817,8.78806570911,7.50105460273,11.914976082,12.4903682012,8.07609445107,12.489483482,8.07781488376,-6.19444413288,0.981103567107,3.09016994375,9.51056516295,0.1,0.5,0.01
3.12,-0.0782818696692,-0.103927973475,3.21103281482,9.91180035473,7.57146597346,11.9137820219,12.4189314309,8.10494240004,12.4278777785,8.0885668002,-6.16057034085,1.075191644,3.38737920245,9.40880768954,0.1,0.5,0.01
3.13,-0.112632771107,0.168459670164,3.29407997291,8.61942478151,7.6396357311,11.895711749,12.3812422974,8.08030854749,12.3666401997,8.10024849313,-6.12375788559,1.16816929259,3.68124552685,9.29776485888,0.1,0.5,0.01
3.14,-0.0333238752818,0.0439085251588,3.40905608008,9.5888884759,7.6833835237,11.9066620348,12.312364598,8.10563731753,12.3057997687,8.11284794068,-6.08404309652,1.25994475516,3.97147890635,9.17754625684,0.1,0.5,0.01
3.15,-0.000200487759643,-0.0152935782178,5.7421391268,9.51835757,7.74532761683,11.8785907698,12.2471874972,8.14402879906,12.2453851171,8.12635221528,-6.04146516737,1.35042746041,4.25779291565,9.04827052466,0.1,0.5,0.01
3.16,-0.0129646086628,-0.0554408055236,4.64158839655,8.7384156503,7.81171187498,11.8693401395,12.1908001048,8.13957049336,12.1854244559,8.14074749641,-5.99606611739,1.43952811283,4.53990499739,8.91006524188,0.1,0.5,0.01
3.17,-0.244541107414,-0.132066367353,4.59321187708,8.60395028331,7.86598797514,11.8523587746,12.1462811533,8.15893560979,12.1259455484,8.15601908422,-5.94789074998,1.52715878083,4.81753674102,8.76306680044,0.1,0.5,0.01
3.18,-0.0419012086087,0.0204711039502,5.8925320314,7.84160307591,7.93883158984,11.8362311114,12.0613933169,8.16953342182,12.0669756823,8.17215141406,-5.89698660841,1.61323298353,5.0904141575,8.60742027004,0.1,0.5,0.01
3.19,-0.00664232952774,-0.0112427844066,4.24792593766,8.86708778906,8.01259080717,11.8080742401,12.0098302452,8.17414524602,12.008541643,8.18912807182,-5.84340392891,1.69766577608,5.35826794979,8.44327925502,0.1,0.5,0.01
3.2,-0.0535162845156,0.176443642649,7.02171309623,7.72781997831,8.05152175699,11.7825678832,11.9462045051,8.22395389541,11.9506696871,8.20693181015,-5.78719559112,1.78037383351,5.62083377852,8.27080574275,0.1,0.5,0.01
3.21,-0.163607763288,-0.190460534797,6.5516045849,9.00231098473,8.10428585476,11.7746095124,11.8991760643,8.21354819836,11.8933855164,8.22554456548,-5.72841706589,1.86127553295,5.87785252292,8.09016994375,0.1,0.5,0.01
3.22,-0.169665313866,-0.0635062095431,5.52845442414,7.39504119229,8.15313334963,11.7452005076,11.8577464342,8.24419027931,11.8367142528,8.24494747582,-5.66712636053,1.94029103418,6.12907053653,7.90155012376,0.1,0.5,0.01
3.23,-0.0347535640224,0.210650127222,7.07604224555,6.78112669323,8.24090346312,11.7273630667,11.7742162883,8.25476601879,11.7806804132,8.26512089941,-5.60338396155,2.01734235846,6.37423989749,7.70513242776,0.1,0.5,0.01
3.24,0.104422299091,0.0823405295229,6.10282677975,7.49719943038,8.27646383224,11.7176207734,11.7228531042,8.28023175234,11.7253078855,8.28604443406,-5.53725277502,2.09235346542,6.61311865324,7.50111069631,0.1,0.5,0.01
3.25,-0.207108978946,-0.0701230383327,7.62130581355,7.35831962661,8.3240727887,11.6945313764,11.6522686457,8.30551921202,11.6706199048,8.30769693734,-5.46879806443,2.16525032817,6.84547105929,7.28968627421,0.1,0.5,0.01
3.26,0.15908665449,-0.0564578838673,6.79850092257,6.99950223007,8.3880134014,11.6541542026,11.6007736768,8.32985174097,11.616639031,8.33005654741,-5.39808738631,2.23596100628,7.07106781186,7.07106781187,0.1,0.5,0.01
3.27,-0.145420878351,-0.0347350693552,7.23247101352,6.24151186698,8.42408626189,11.6590041957,11.5636810747,8.35379718053,11.5633871257,8.35310070458,-5.32519052357,2.30441571688,7.28968627421,6.84547105929,0.1,0.5,0.01
3.28,-0.0672399139362,-0.0776873995257,6.64912039467,5.96938973781,8.49228281427,11.6343540066,11.5095414511,8.37758317318,11.5108853316,8.37680617361,-5.2501794166,2.37054690341,7.5011106963,6.61311865324,0.1,0.5,0.01
3.29,-0.116151808041,-0.136658017074,7.62713402846,5.87829607804,8.53075660519,11.5983213529,11.4605072239,8.41062064459,11.4591540506,8.40114906663,-5.17312809233,2.43428930238,7.70513242776,6.37423989749,0.1,0.5,0.01
3.3,-0.0698897636973,0.0519317346558,8.22198846618,5.70019965305,8.57424793148,11.5718117042,11.4184096414,8.4264710381,11.4082129247,8.42610486671,-5.09411259109,2.49558000775,7.90155012376,6.12907053653,0.1,0.5,0.01
3.31,-0.189385424796,0.107310100114,8.00604057667,5.69907879617,8.65256512467,11.5406576877,11.3486584782,8.45420386776,11.3580808158,8.45164845204,-5.01321089165,2.55435853298,8.09016994375,5.87785252293,0.1,0.5,0.01
3.32,-0.0800288053971,-0.03625165872,8.43412355077,5.95428485201,8.70264663126,11.5213905247,11.3361087537,8.47433342674,11.3087757875,8.47775412075,-4.93050283422,2.61056687076,8.27080574275,5.62083377852,0.1,0.5,0.01
3.33,0.0688746229497,0.0308616540014,7.90778782009,5.30999717974,8.72046867246,11.507488649,11.2629576262,8.50319529543,11.260315087,8.50439561625,-4.84607004167,2.66414955026,8.44327925502,5.35826794979,0.1,0.5,0.01
3.34,-0.169180231471,0.018475501993,8.56304372781,5.03270921812,8.78734455503,11.4736071859,11.2160441337,8.51883030339,11.2127151287,8.53154615317,-4.75999583897,2.71505369184,8.60742027004,5.0904141575,0.1,0.5,0.01
3.35,0.0286121782898,-0.237767921204,9.27517118521,4.70940347272,8.84262087079,11.4378518056,11.1868013253,8.55206250116,11.1659914769,8.55917844376,-4.67236517097,2.76322905925,8.76306680044,4.81753674102,0.1,0.5,0.01
3.36,-0.19730785386,-0.0659855847314,8.17723033838,4.01660506885,8.88557419267,11.4268070519,11.1092353288,8.56968479833,11.1201588318,8.58726472485,-4.58326451855,2.80862810922,8.91006524188,4.5399049974,0.1,0.5,0.01
3.37,-0.0775376700029,0.0529029803404,9.4839059126,4.33677682213,8.91140079652,11.3881382858,11.0691343419,8.61660611669,11.0752310136,8.61577678524,-4.4927818133,2.85120603838,9.04827052466,4.25779291565,0.1,0.5,0.01
3.38,-0.0320870769823,0.115657899244,8.90709555157,4.12105756289,8.96607903633,11.3500255248,11.021431794,8.64984783596,11.0312209501,8.64468599351,-4.40100635074,2.89092082744,9.17754625684,3.97147890635,0.1,0.5,0.01
3.39,-0.0392041826866,0.0967186117501,9.29746475488,3.47657819018,9.00301490886,11.3221186813,10.9941120976,8.6693815166,10.9881406631,8.67396332634,-4.30802870215,2.92773328271,9.29776485888,3.68124552685,0.1,0.5,0.01
3.4,-0.176633451629,0.0433378534085,8.66881151427,2.9807358832,9.06707735671,11.2981147557,10.9339265146,8.70292767872,10.9460012568,8.70357939709,-4.21394062525,2.96160707473,9.40880768954,3.38737920245,0.1,0.5,0.01
3.41,0.0159964394048,-0.0173128395802,9.3587373512,3.3140162768,9.08794053166,11.2641656427,10.9106373664,8.73484721618,10.9048129071,8.73350448483,-4.11883497362,2.99250877417,9.51056516295,3.09016994375,0.1,0.5,0.01
3.42,-0.0753840805336,0.120137471055,9.56722951445,2.72448264255,9.13435469505,11.2286314618,10.8493795235,8.74822420921,10.8645848511,8.76370856368,-4.02280560505,3.02040788478,9.60293685677,2.78991106039,0.1,0.5,0.01
3.43,0.166775161123,0.0974988083507,9.72749842319,2.84297343369,9.18703867621,11.2154470622,10.8262339964,8.80060086324,10.8253253782,8.79416133241,-3.92594728894,3.04527687349,9.68583161129,2.48689887165,0.1,0.5,0.01
3.44,-0.0399251514331,-0.00824189580631,9.14971643681,2.59929268955,9.21989341284,11.1726437931,10.7992427635,8.81578317317,10.787041822,8.82483224439,-3.82835561275,3.06709119763,9.75916761939,2.18143241397,0.1,0.5,0.01
3.45,-0.128779442029,-0.0760417823734,9.83765472239,1.81358101145,9.24565417509,11.1350869551,10.7530578504,8.85381697242,10.7497405532,8.85569053768,-3.73012688767,3.08582932909,9.82287250729,1.87381314586,0.1,0.5,0.01
3.46,-0.0841996366342,0.0849543379947,10.1216917145,1.9930591232,9.29639997172,11.0966161558,10.7172156321,8.89895962474,10.7134269726,8.88670526543,-3.63135805362,3.10147277559,9.87688340595,1.5643446504,0.1,0.5,0.01
3.47,0.0909845402569,0.0191052948616,10.100002188,1.83165204872,9.32382994837,11.0842416614,10.6960916601,8.92547117595,10.6781055068,8.91784532642,-3.53214658348,3.11400609895,9.92114701314,1.25333233564,0.1,0.5,0.01
3.48,-0.129230076402,0.100611210338,9.27978656753,0.951692214376,9.35076289429,11.0451402514,10.651886201,8.95942715402,10.6437796029,8.94907949573,-3.43259038702,3.12341693028,9.95561964603,0.941083133186,0.1,0.5,0.01
3.49,-0.0953300438266,0.0969517913095,9.9038534308,0.934680312127,9.38133096233,11.0300188638,10.5923129578,8.98022035998,10.6104517258,8.98037645555,-3.33278771418,3.12969598224,9.98026728428,0.627905195294,0.1,0.5,0.01
3.5,-0.100283433491,0.00860773240856,10.805616333,0.278316466146,9.39889365843,10.984615658,10.562737665,9.00418440389,10.5781233552,9.01170482613,-3.23283705814,3.13283705814,9.99506560366,0.314107590782,0.1,0.5,0.01
3.51,0.112871406999,0.0612605045621,9.61052818041,-0.679032613602,9.45760848196,10.9695222336,10.5529720428,9.02524792317,10.5467949846,9.04303319671,-3.13283705814,3.13283705814,10.0,9.63518815515e-13,0.1,0.5,0.01
3.52,-0.016052120758,-0.203866919335,10.1941763204,0.41750704173,9.48198797292,10.9325573888,10.5170021275,9.06043815875,10.5164661206,9.07433015653,-3.03288640211,3.12969598224,9.99506560366,-0.31410759078,0.1,0.5,0.01
3.53,0.0246236351361,0.0852265208638,9.5122347786,0.0883736397839,9.51561610933,10.8865174761,10.492542654,9.09615588538,10.4871352833,9.10556432584,-2.93308372926,3.12341693028,9.98026728428,-0.627905195292,0.1,0.5,0.01
3.54,-0.0400710056608,0.109094595053,9.87644118915,-0.782592670248,9.55806881889,10.8524615636,10.4672726717,9.13909489354,10.458800008,9.13670438683,-2.8335275328,3.11400609895,9.95561964603,-0.941083133184,0.1,0.5,0.01
3.55,-0.211384838165,0.0547184936795,9.82022764149,-2.41598541862,9.55564557547,10.8279142215,10.4139061746,9.1590501021,10.4314568474,9.16771911458,-2.73431606267,3.10147277559,9.92114701314,-1.25333233564,0.1,0.5,0.01
3.56,-0.0356751761364,0.131824478628,10.1086682709,-1.41826880615,9.57563493636,10.7963990169,10.4044772907,9.1945579639,10.4051013751,9.19857740787,-2.63554722861,3.08582932909,9.87688340595,-1.5643446504,0.1,0.5,0.01
3.57,-0.133562838987,-0.000859007932685,10.5530488744,-2.17764065542,9.62996436728,10.7560330344,10.3925677147,9.23339265323,10.37972819,9.22924831985,-2.53731850354,3.06709119763,9.82287250729,-1.87381314586,0.1,0.5,0.01
3.58,0.0218017574692,-0.0505400845592,10.2962127086,-2.13660504492,9.65736205551,10.7312020398,10.3493173715,9.25640257872,10.3553309218,9.25970108858,-2.43972682735,3.04527687349,9.75916761939,-2.18143241396,0.1,0.5,0.01
3.59,-0.0340980254937,0.0766431048483,9.93973851024,-3.00350442185,9.67556951823,10.703601319,10.3372884246,9.28936443073,10.3319022366,9.28990516743,-2.34286851123,3.02040788478,9.68583161129,-2.48689887165,0.1,0.5,0.01
3.6,0.0138699872344,-0.00953070337901,9.44934213013,-2.97233565551,9.6695665787,10.6825048709,10.2900435575,9.32613217581,10.3094338452,9.31983025517,-2.24683914267,2.99250877417,9.60293685677,-2.78991106039,0.1,0.5,0.01
3.61,-0.189726432186,0.0939639128097,9.70546352933,-2.2987338576,9.70994362509,10.6502170875,10.2913517998,9.35592245963,10.2879165103,9.34944632592,-2.15173349104,2.96160707473,9.51056516295,-3.09016994375,0.1,0.5,0.01
3.62,0.13850803097,0.0315544341086,9.66886280857,-3.6593023947,9.75636348771,10.6116851657,10.2562008384,9.37152073752,10.2673400562,9.37872365875,-2.05764541414,2.92773328271,9.40880768954,-3.38737920245,0.1,0.5,0.01
3.63,0.149853375329,-0.0574044625872,9.20342352461,-3.5609190447,9.74535854477,10.5828842222,10.2334227966,9.40198625515,10.2476933785,9.40763286702,-1.96466776555,2.89092082744,9.29776485888,-3.68124552685,0.1,0.5,0.01
3.64,-0.0368130715543,0.00919325615906,8.87973548474,-4.44537350368,9.76055869982,10.5624744603,10.2339171696,9.44479451847,10.2289644555,9.43614492741,-1.87289230298,2.85120603838,9.17754625684,-3.97147890635,0.1,0.5,0.01
3.65,-0.125638216863,0.106305624413,9.19157524463,-3.76164347943,9.79181513318,10.5270316897,10.2127576554,9.46500838706,10.2111403595,9.4642312085,-1.78240959774,2.80862810922,9.04827052466,-4.25779291565,0.1,0.5,0.01
3.66,-0.164686260029,0.116558442916,9.36031943584,-4.84213971632,9.81942502228,10.5050387241,10.1820923611,9.49810495475,10.1942072701,9.49186349909,-1.69330894532,2.76322905925,8.91006524188,-4.53990499739,0.1,0.5,0.01
3.67,0.229805097668,0.208099028498,9.36532322093,-5.45321380751,9.82114130586,10.4788724867,10.1854278519,9.51785126614,10.1781504873,9.51901403601,-1.60567827731,2.71505369184,8.76306680044,-4.81753674102,0.1,0.5,0.01
3.68,0.0257533492299,0.123040561008,8.61537635572,-5.2704390731,9.83792380581,10.4573878955,10.1736065299,9.56341150233,10.1629544465,9.54565553151,-1.51960407461,2.66414955026,8.60742027004,-5.0904141575,0.1,0.5,0.01
3.69,-0.0585413805332,-0.0625367428955,8.72668673141,-5.35282596953,9.83111459323,10.4182001631,10.1347737057,9.56810633514,10.1486027337,9.57176120022,-1.43517128206,2.61056687076,8.44327925502,-5.35826794979,0.1,0.5,0.01
3.7,0.111746719918,0.129224009413,8.16142758921,-5.63756862508,9.87067140918,10.4081924633,10.1415673056,9.58651024875,10.1350781015,9.59730478555,-1.35246322464,2.55435853298,8.27080574275,-5.62083377852,0.1,0.5,0.01
3.71,0.0340642649397,0.00306504820068,8.45860870971,-6.56348462509,9.87448815478,10.3843698348,10.1105354588,9.61521376103,10.1223624862,9.62226058563,-1.2715615252,2.49558000775,8.09016994375,-5.87785252292,0.1,0.5,0.01
3.72,-0.0570478056941,-0.0765339708337,7.48009929503,-5.85171317384,9.8748738326,10.3617453549,10.1083934283,9.6355644064,10.110437026,9.64660347865,-1.19254602396,2.43428930238,7.90155012376,-6.12907053653,0.1,0.5,0.01
3.73,-0.0789099639424,0.0779266233998,7.72532176795,-7.56110710956,9.92995708455,10.3449537055,10.1031547653,9.67805135092,10.099282079,9.67030894769,-1.11549469968,2.37054690341,7.70513242776,-6.37423989749,0.1,0.5,0.01
3.74,0.0491587955698,0.044921352321,7.57263506048,-6.73458276628,9.91012506179,10.2990764767,10.0872125607,9.68782014241,10.088877243,9.69335310485,-1.04048359272,2.30441571688,7.50111069631,-6.61311865324,0.1,0.5,0.01
3.75,0.00961863006481,-0.0451414627277,6.9783866005,-6.53311101016,9.92819435126,10.2841872915,10.0719904091,9.74125780712,10.0792013757,9.71571271492,-0.967586729978,2.23596100628,7.28968627421,-6.84547105929,0.1,0.5,0.01
3.76,-0.0837090194689,-0.123462777627,6.61157769477,-7.20545956683,9.94167095406,10.2503118001,10.0689329256,9.71021535161,10.0702326152,9.7373652182,-0.896876051859,2.16525032817,7.07106781187,-7.07106781186,0.1,0.5,0.01
3.77,0.131121052211,0.110358836964,7.73305297169,-7.1423334619,9.93619796247,10.2308052114,10.0606199937,9.74520236127,10.0619484018,9.75828875285,-0.828421341266,2.09235346542,6.84547105929,-7.28968627421,0.1,0.5,0.01
3.78,-0.0476222569288,-0.0414359618724,6.94070277232,-7.38913603495,9.94168190714,10.2342700652,10.0449537299,9.75985339417,10.0543255003,9.77846217644,-0.762290154734,2.01734235846,6.61311865324,-7.5011106963,0.1,0.5,0.01
3.79,-0.0807513659485,0.0383552415981,6.70639497191,-7.91748053819,9.9562826209,10.2012135823,10.0457592036,9.81490261794,10.0473400227,9.79786508678,-0.698547755759,1.94029103418,6.37423989749,-7.70513242776,0.1,0.5,0.01
3.8,0.0317611038858,-0.0415340616696,6.35029129555,-7.79610106568,9.94976702956,10.1870552518,10.0517596139,9.824780012,10.0409674522,9.81647784211,-0.637257050394,1.86127553295,6.12907053653,-7.90155012376,0.1,0.5,0.01
3.81,-0.0242466914356,0.0166779920412,5.9186984038,-7.4819187896,9.95048708583,10.1714481482,10.0291466386,9.83010725753,10.035182667,9.83428158044,-0.578478525165,1.78037383351,5.87785252293,-8.09016994375,0.1,0.5,0.01
3.82,-0.0575042508686,0.0325675255605,5.55590974795,-8.64579425165,9.9746465171,10.1528689607,10.0179003131,9.85087217895,10.0299599651,9.8512582382,-0.522270187379,1.69766577608,5.62083377852,-8.27080574274,0.1,0.5,0.01
3.83,-0.0517604627777,-0.123037195681,4.62127524844,-9.34879444047,9.96381773378,10.1117936551,10.0207504573,9.85862188201,10.02527309,9.86739056804,-0.468687507882,1.61323298353,5.35826794979,-8.44327925502,0.1,0.5,0.01
3.84,0.026805285763,-0.0213854342952,5.16704306539,-9.14488302494,10.0028345202,10.1036988982,10.0170357998,9.90726598958,10.0210952563,9.88266215585,-0.417783366306,1.52715878083,5.0904141575,-8.60742027004,0.1,0.5,0.01
3.85,-0.0447844113104,0.0988238493072,4.70633768669,-7.91500129589,9.98954191667,10.1008528333,10.0136131988,9.91361850078,10.0173991764,9.89705743698,-0.369607998896,1.43952811283,4.81753674102,-8.76306680044,0.1,0.5,0.01
3.86,0.0673851534597,-0.148811661286,4.48060328673,-8.62360117264,9.98773170209,10.0870552967,10.0140083521,9.88264681467,10.0141570869,9.91056171158,-0.324208948922,1.35042746041,4.5399049974,-8.91006524188,0.1,0.5,0.01
3.87,0.0621597285626,0.0421187962584,4.50333403776,-8.83261385177,10.0007712153,10.0630192371,9.99199790625,9.93556229952,10.0113407767,9.92316115913,-0.281631019766,1.25994475516,4.25779291565,-9.04827052466,0.1,0.5,0.01
3.88,-0.31115328961,-0.155111848722,4.5073447734,-9.46726376005,9.9969460689,10.0638450439,10.0116033681,9.93031600018,10.0089216144,9.93484285206,-0.241916230702,1.16816929259,3.97147890635,-9.17754625684,0.1,0.5,0.01
3.89,-0.232323843766,-0.148186855498,3.96879199155,-9.04789457226,10.0180208905,10.0502705944,10.012111009,9.94400963989,10.0068705766,9.9455947685,-0.205103775434,1.075191644,3.68124552685,-9.29776485888,0.1,0.5,0.01
3.9,-0.0121448434247,-0.0797049218262,3.89097847044,-10.1886089198,9.99532742651,10.0378324042,10.0135763585,9.96020505745,10.0051582768,9.95540580417,-0.171229983409,0.981103567108,3.38737920245,-9.40880768954,0.1,0.5,0.01
3.91,0.0764438910333,-0.0182702127142,3.23189412633,-9.35037928932,9.99390606419,10.0378364929,9.98547972954,9.9742330701,10.0037549939,9.96426578332,-0.140328283972,0.885997915478,3.09016994375,-9.51056516295,0.1,0.5,0.01
3.92,-0.131812628808,0.0599489855695,2.53355274372,-9.1726631722,10.0242066699,10.029002186,10.0132243357,9.97005250062,10.0026307022,9.97216546879,-0.112429173368,0.789968546911,2.78991106039,-9.60293685677,0.1,0.5,0.01
3.93,-0.0621239281902,0.01164038404,2.1649674516,-10.1409074762,9.99753979001,10.034389639,10.0066207514,9.975281246,10.0017551004,9.9790965711,-0.0875601846514,0.693110230798,2.48689887165,-9.68583161129,0.1,0.5,0.01
3.94,-0.0657802504139,-0.0310095452891,3.3958393868,-9.73364319134,9.99753007719,10.0229210998,10.0126573104,9.97824568592,10.0010976417,9.98505175665,-0.0657458605117,0.595518554604,2.18143241397,-9.75916761939,0.1,0.5,0.01
3.95,0.0739357757492,-0.049005532207,1.35678015856,-9.70763781041,9.99814635212,10.0199949068,10.0087658142,9.98999899839,10.0006275645,9.99002465494,-0.0470077290531,0.497289829531,1.87381314586,-9.82287250729,0.1,0.5,0.01
3.96,0.106809893637,-0.0580194748324,1.7339929819,-9.45164498692,9.99116683864,9.98891460393,9.99998154737,9.99252543711,10.0003139216,9.9940098649,-0.0313642825491,0.398520995472,1.5643446504,-9.87688340595,0.1,0.5,0.01
3.97,-0.0499798385422,0.0326993131203,0.913138825484,-9.20813762064,10.0021731593,9.99155431485,10.0121471124,9.99085912806,10.000125612,9.99700296015,-0.0188309591926,0.29930952534,1.25333233564,-9.92114701314,0.1,0.5,0.01
3.98,-0.112183884586,-0.0766247765371,0.480152323494,-9.87517774857,10.0030904892,10.0110845076,10.0082272171,9.99667513971,10.0000314108,9.99900049344,-0.00942012786078,0.19975332888,0.941083133186,-9.95561964603,0.1,0.5,0.01
3.99,0.106371221636,0.051271672812,0.92826176341,-10.2276433807,9.99816653301,9.99924807817,10.0031550449,10.0123415615,10.0,10.0,-0.00314107590783,0.099950656037,0.627905195294,-9.98026728428,0.1,0.5,0.01
4.0,-0.117478351774,0.0753589442561,-0.279958917688,-9.45353805404,10.0015991513,10.017685335,9.98609773794,9.98514812671,10.0,10.0,-9.13852327145e-15,4.46392922626e-13,0.314107590783,-9.99506560366,0.1,0.5,0.01
4.01,0.0686690114904,-0.145111538526,-0.00428731852419,-10.0714281808,9.99765066076,9.98331795596,9.99629767938,10.0047020664,10.0,9.999,3.87786591033e-15,-0.0999999999996,1.30163891818e-12,-10.0,0.1,0.5,0.01
