0.01,-0.0420889495255,0.0767724537338,0.0123289625301,9.70750891359,9.88860527112,10.7408744585,10.3790235456,10.0811681711,10.0,10.001,0.0,0.1,0.0,10.0,0.1,0.5,0.5
0.02,-0.0154370688614,0.163157104007,0.0706326436908,10.3193765558,10.1151635367,9.68959241026,10.1383792934,9.48677001605,10.0000314108,10.0029995066,0.00314107590781,0.199950656037,0.314107590781,9.99506560366,0.1,0.5,0.5
0.03,-0.0565705023801,0.103635083982,0.965359410888,10.0052503023,8.71635285803,9.73638564722,9.8242967638,10.3882189772,10.000125612,10.0059970398,0.00942012786074,0.299753328879,0.627905195293,9.98026728428,0.1,0.5,0.5
0.04,-0.0184067421298,0.178474488418,1.35396677277,10.1143990324,10.0602507058,9.53810733114,10.1080987386,9.66460193449,10.0003139216,10.0099901351,0.0188309591926,0.39930952534,0.941083133185,9.95561964603,0.1,0.5,0.5
0.05,-0.000565670575725,0.00290713011437,1.36837317582,9.35369700029,9.92603362462,9.71082199557,10.1242416096,9.72106157463,10.0006275645,10.0149753451,0.031364282549,0.498520995471,1.25333233564,9.92114701314,0.1,0.5,0.5
0.06,-0.212702327774,0.111309222112,1.19525896699,9.94271425461,10.0516025051,10.8438817425,9.91368530974,10.6479610592,10.0010976417,10.0209482434,0.047007729053,0.597289829531,1.5643446504,9.87688340595,0.1,0.5,0.5
0.07,0.135662804951,0.0851779783193,1.95656624315,9.69606442757,9.69487027384,10.0504499087,10.9322052347,9.65051781284,10.0017551004,10.0279034289,0.0657458605116,0.695518554604,1.87381314586,9.82287250729,0.1,0.5,0.5
0.08,0.150372541408,0.0077036276274,2.09903550318,9.63849760614,10.0644837264,9.65064206502,9.82488105014,10.3582813959,10.0026307022,10.0358345312,0.0875601846513,0.793110230797,2.18143241397,9.75916761939,0.1,0.5,0.5
0.09,-0.0677368378539,-0.0522245434406,2.56531442789,10.148374756,10.3599800726,10.2066141707,9.25402018002,10.0246507992,10.0037549939,10.0447342167,0.112429173368,0.88996854691,2.48689887165,9.68583161129,0.1,0.5,0.5
0.1,0.154122289156,0.0370306282186,2.36819205996,10.8346966075,10.451872909,10.2908139832,9.55247436319,9.76380742933,10.0051582768,10.0545941958,0.140328283972,0.985997915478,2.78991106039,9.60293685677,0.1,0.5,0.5
0.11,0.000548925591563,-0.0859290742408,3.21364755844,10.4205107443,10.0711798507,10.6237623214,10.1290222227,9.22066339735,10.0068705766,10.0654052315,0.171229983409,1.08110356711,3.09016994375,9.51056516295,0.1,0.5,0.5
0.12,0.0441701853578,0.107446105793,2.96116928553,9.59727229757,9.69188839728,9.62213468647,10.0841844609,9.8931313011,10.0089216144,10.0771571479,0.205103775434,1.175191644,3.38737920245,9.40880768954,0.1,0.5,0.5
0.13,0.0543434310571,-0.0492307276848,4.08795435596,9.5000232148,9.43209100103,10.3613436456,10.3404290685,9.91076260806,10.0113407767,10.0898388409,0.241916230702,1.26816929259,3.68124552685,9.29776485888,0.1,0.5,0.5
0.14,-0.01216237452,0.146390655306,4.05177322602,8.47261724005,9.45646577045,10.5243037883,10.3491042519,10.5231266413,10.0141570869,10.1034382884,0.281631019766,1.35994475516,3.97147890635,9.17754625684,0.1,0.5,0.5
0.15,-0.0522402177997,-0.0224591514954,4.02226164669,9.06775979198,9.43876358395,10.0642914897,9.63992142914,10.6827885405,10.0173991764,10.117942563,0.324208948922,1.45042746041,4.25779291565,9.04827052466,0.1,0.5,0.5
0.16,0.131455062476,-0.0367728858705,4.44972074331,8.89924467698,10.430321072,9.27808009719,9.992129641,9.55952372048,10.0210952563,10.1333378442,0.369607998896,1.53952811283,4.5399049974,8.91006524188,0.1,0.5,0.5
0.17,0.163218263115,0.180038973845,4.00278800751,9.45044296335,9.80063216967,10.4806387606,10.5325051138,10.9902806577,10.02527309,10.149609432,0.417783366306,1.62715878083,4.81753674102,8.76306680044,0.1,0.5,0.5
0.18,-0.0369289510173,0.00375706261607,4.27420093083,7.73040085837,10.1669507756,8.89345015135,9.40474357348,9.80828052405,10.0299599651,10.1667417618,0.468687507881,1.71323298353,5.0904141575,8.60742027004,0.1,0.5,0.5
0.19,-0.00274915742801,-0.0763544537421,4.62779473018,8.36429894789,9.57700835572,10.1885136152,9.36734514985,10.4484748989,10.035182667,10.1847184196,0.522270187379,1.79766577608,5.35826794979,8.44327925502,0.1,0.5,0.5
0.2,0.0609719844733,0.127280421503,5.08568499777,8.58770088241,10.1433010957,9.52282070864,9.6342186812,9.90919134912,10.0409674522,10.2035221579,0.578478525164,1.88037383351,5.62083377852,8.27080574275,0.1,0.5,0.5
0.21,-0.0632995449998,0.0136657362954,5.76904458254,7.7283763775,9.94576514308,10.1022543347,9.34622624631,10.966470639,10.0473400227,10.2231349132,0.637257050394,1.96127553295,5.87785252292,8.09016994375,0.1,0.5,0.5
0.22,0.101173841414,-0.0311331718566,6.22453822798,7.58065712567,9.36289275444,9.6607423977,9.88804915006,9.68893017718,10.0543255003,10.2435378236,0.698547755759,2.04029103418,6.12907053653,7.90155012376,0.1,0.5,0.5
0.23,-0.0933489969907,0.0765804321236,6.51586554975,7.76588800153,10.0799474228,9.73676536542,10.0688709427,10.2900401313,10.0619484018,10.2647112471,0.762290154734,2.11734235846,6.37423989749,7.70513242776,0.1,0.5,0.5
0.24,-0.00310831630038,0.0543010028459,7.31246820062,6.92101929927,10.5249359873,11.0369026305,9.90776203058,10.9072348713,10.0702326152,10.2866347818,0.828421341266,2.19235346542,6.61311865324,7.5011106963,0.1,0.5,0.5
0.25,0.0575071215141,-0.00328787603558,7.16639921255,7.26057794509,9.63811928575,9.0736801871,9.99615401338,11.0716189397,10.0792013757,10.3092872851,0.896876051859,2.26525032817,6.84547105929,7.28968627421,0.1,0.5,0.5
0.26,0.100544297253,0.0564255250757,6.37579465195,7.30445529047,10.2277681488,9.22523473166,9.86841488108,10.5958060873,10.088877243,10.3326468951,0.967586729978,2.33596100628,7.07106781187,7.07106781187,0.1,0.5,0.5
0.27,-0.0680220505826,0.0347009343094,7.43049570954,6.37295368057,9.85401945294,9.55558923987,9.87007744692,9.51577786742,10.099282079,10.3566910523,1.04048359272,2.40441571688,7.28968627421,6.84547105929,0.1,0.5,0.5
0.28,0.0233595884734,0.0548857582722,7.23176222088,6.64337506925,9.24805772306,9.0766060736,9.72117993523,11.2259467682,10.110437026,10.3813965213,1.11549469968,2.47054690341,7.5011106963,6.61311865324,0.1,0.5,0.5
0.29,0.0504780047594,0.110274071965,7.84705602949,5.81431651712,11.2647539213,10.2513506233,10.5495467037,9.63375274722,10.1223624862,10.4067394144,1.19254602396,2.53428930238,7.70513242776,6.37423989749,0.1,0.5,0.5
0.3,0.0504822717714,-0.0976983005023,8.14864490168,6.72407208094,9.02770040111,9.26557717175,10.263434466,11.3109452446,10.1350781015,10.4326952144,1.2715615252,2.59558000775,7.90155012376,6.12907053653,0.1,0.5,0.5
0.31,0.141938293867,-0.0757939401106,8.36845048263,6.08835483255,9.09884830669,9.3804861685,10.2193280138,10.9606857552,10.1486027337,10.4592387998,1.35246322464,2.65435853298,8.09016994375,5.87785252292,0.1,0.5,0.5
0.32,0.0992427770209,-0.0270679371061,8.36493717377,5.06983501919,10.420352731,8.56104977716,10.067051485,11.8898949496,10.1629544465,10.4863444685,1.43517128206,2.71056687076,8.27080574275,5.62083377852,0.1,0.5,0.5
0.33,0.0531714702312,0.0600568718285,8.45737006371,5.11388109658,10.1517482187,10.2540113719,10.3136781387,10.2145699585,10.1781504873,10.513985964,1.51960407461,2.76414955026,8.44327925502,5.35826794979,0.1,0.5,0.5
0.34,0.0298977978271,0.0705541241837,7.89057212296,4.36075053063,10.1651326314,9.2795007938,10.8468184196,11.0297203683,10.1942072701,10.5421365009,1.60567827731,2.81505369184,8.60742027004,5.0904141575,0.1,0.5,0.5
0.35,0.0581584063802,-0.13131391271,8.75521985638,5.38963423229,10.0811551705,9.14087812546,10.0664198811,10.4533883413,10.2111403595,10.5707687915,1.69330894532,2.86322905925,8.76306680044,4.81753674102,0.1,0.5,0.5
0.36,0.00950276598362,-0.0431117854594,9.38672590992,4.00279714449,9.5664749242,9.95108909812,9.85904552476,10.9886712237,10.2289644555,10.5998550726,1.78240959774,2.90862810922,8.91006524188,4.5399049974,0.1,0.5,0.5
0.37,-0.0119363021574,0.113129461411,8.13646192476,4.65785789351,10.0335239513,9.59136205909,10.8312521523,10.2570433919,10.2476933785,10.629367133,1.87289230298,2.95120603838,9.04827052466,4.25779291565,0.1,0.5,0.5
0.38,-0.0144886225592,0.118247388728,8.90841652567,3.98444541678,10.4152560106,8.96214276384,10.6102810615,10.343747609,10.2673400562,10.6592763413,1.96466776555,2.99092082744,9.17754625684,3.97147890635,0.1,0.5,0.5
0.39,-0.0374632669981,-0.0254411769942,9.26476809006,3.23846800208,9.49607095334,9.05329414183,10.4049126414,10.5744564727,10.2879165103,10.6895536741,2.05764541414,3.02773328271,9.29776485888,3.68124552685,0.1,0.5,0.5
0.4,0.222217002888,0.130385158968,9.03023002639,3.63596318611,9.04835963557,9.04561398268,10.0943687201,10.151846908,10.3094338452,10.7201697448,2.15173349104,3.06160707473,9.40880768954,3.38737920245,0.1,0.5,0.5
0.41,-0.125971389304,0.0319257232195,9.72344497456,3.15847849788,8.78148078899,8.88258652733,10.1933076423,11.2527622461,10.3319022366,10.7510948326,2.24683914267,3.09250877417,9.51056516295,3.09016994375,0.1,0.5,0.5
0.42,0.0836084484797,0.115093611618,9.22405529088,1.98385030368,9.07646445901,10.2526878687,10.1401798339,11.4087123979,10.3553309218,10.7822989114,2.34286851123,3.12040788478,9.60293685677,2.78991106039,0.1,0.5,0.5
0.43,0.0665499334777,0.146642089546,9.33295901121,2.03014251685,10.0882171693,8.95297369153,9.94163594888,9.52882280649,10.37972819,10.8137516801,2.43972682735,3.14527687349,9.68583161129,2.48689887165,0.1,0.5,0.5
0.44,0.110647114936,0.0249089620669,9.7263800586,2.34788397005,10.1011116437,8.98469683049,9.83182034026,10.6674875613,10.4051013751,10.8454225921,2.53731850354,3.16709119763,9.75916761939,2.18143241397,0.1,0.5,0.5
0.45,0.0525227902857,-0.101346430394,10.2005178819,2.42919080787,10.0755754614,10.0909711742,10.2250283621,10.738735066,10.4314568474,10.8772808854,2.63554722861,3.18582932909,9.82287250729,1.87381314586,0.1,0.5,0.5
0.46,-0.0324055057026,-0.0700964585605,9.51288689458,1.9511036076,9.55653347749,8.7720568113,11.0908053149,10.0114390218,10.458800008,10.9092956132,2.73431606267,3.20147277559,9.87688340595,1.5643446504,0.1,0.5,0.5
0.47,-0.0136200075329,0.0916379888173,10.2169222778,1.02796016962,9.55673295269,10.1927368651,10.2571153978,10.6811927492,10.4871352833,10.9414356742,2.8335275328,3.21400609895,9.92114701314,1.25333233564,0.1,0.5,0.5
0.48,0.0452662604498,-0.00569095084053,10.3443578722,1.15398127646,9.14232042412,9.80487940617,10.3117326332,11.8982275825,10.5164661206,10.9736698435,2.93308372926,3.22341693028,9.95561964603,0.941083133185,0.1,0.5,0.5
0.49,-0.109954404371,0.0141849619458,10.0012952552,1.15167044812,8.45370038881,8.9759763302,9.66153884489,10.8890131757,10.5467949846,11.0059668033,3.03288640211,3.22969598224,9.98026728428,0.627905195293,0.1,0.5,0.5
0.5,0.15213858364,0.0566367518976,10.3873678269,2.06265826864,9.28760341315,9.65627515179,10.610004319,11.5219071656,10.5781233552,11.0382951739,3.13283705814,3.23283705814,9.99506560366,0.314107590781,0.1,0.5,0.5
0.51,0.0819878239759,0.0466227995472,10.2887475459,0.292191239524,9.85849319367,9.06860571491,10.9101984044,11.1355346217,10.6104517258,11.0706235445,3.23283705814,3.23283705814,10.0,-6.04903497084e-15,0.1,0.5,0.5
0.52,-0.0705138080145,0.0048338586256,9.31783723572,-0.859408344406,8.71378112478,8.58584402212,10.1624547146,11.1890168421,10.6437796029,11.1029205043,3.33278771418,3.22969598224,9.99506560366,-0.314107590781,0.1,0.5,0.5
0.53,0.276229585688,-0.0673910124145,9.98216635445,-0.371649385695,10.116498329,9.20330796735,10.9530496754,11.6234222235,10.6781055068,11.1351546736,3.43259038702,3.22341693028,9.98026728428,-0.627905195293,0.1,0.5,0.5
0.54,-0.144690515541,0.04653930729,9.55275985866,-1.03308074989,10.1904014766,8.85754270247,10.7741165259,11.2579908551,10.7134269726,11.1672947346,3.53214658348,3.21400609895,9.95561964603,-0.941083133185,0.1,0.5,0.5
0.55,0.017372721617,0.290382364432,10.711078172,-1.16001580188,9.07497894934,8.43372437155,10.4069233451,11.6471702343,10.7497405532,11.1993094623,3.63135805361,3.20147277559,9.92114701314,-1.25333233564,0.1,0.5,0.5
0.56,0.136970998613,0.133496506328,8.9756827459,-1.65719136606,8.40240978657,8.4227594554,10.7985276109,10.7229823896,10.787041822,11.2311677556,3.73012688767,3.18582932909,9.87688340595,-1.5643446504,0.1,0.5,0.5
0.57,-0.0814222742787,-0.0913200593149,10.1861146027,-1.85875167446,9.43709084799,9.3080500557,9.97490773454,10.823839093,10.8253253782,11.2628386676,3.82835561275,3.16709119763,9.82287250729,-1.87381314586,0.1,0.5,0.5
0.58,0.225831322616,0.0400273225472,9.86526306009,-2.9951026226,9.614920064,9.75753343647,10.3106836326,11.3174253828,10.8645848511,11.2942914363,3.92594728894,3.14527687349,9.75916761939,-2.18143241397,0.1,0.5,0.5
0.59,-0.111868048299,-0.0973814678731,9.17087238804,-2.52081549665,8.71427918422,8.5330852294,10.7838009199,11.2227107274,10.9048129071,11.3254955152,4.02280560505,3.12040788478,9.68583161129,-2.48689887165,0.1,0.5,0.5
0.6,0.0241300728544,0.0608240699811,10.3609057649,-2.88835769902,8.20262026998,7.96280276638,10.7193746632,10.7344740155,10.9460012568,11.3564206029,4.11883497362,3.09250877417,9.60293685677,-2.78991106039,0.1,0.5,0.5
0.61,0.113778967294,-0.152465166994,9.417447951,-2.8655561733,9.25320087341,8.17175509078,10.4363369106,11.4105632523,10.9881406631,11.3870366737,4.21394062525,3.06160707473,9.51056516295,-3.09016994375,0.1,0.5,0.5
0.62,0.0530626812051,0.212306070538,9.70462825518,-3.38808099702,10.2193280117,8.70941365394,11.250949526,11.975174943,11.0312209501,11.4173140065,4.30802870215,3.02773328271,9.40880768954,-3.38737920245,0.1,0.5,0.5
0.63,0.143463464746,0.259410038963,8.932104786,-3.47151289095,8.94133943555,9.03319806516,10.4626487686,11.0233398111,11.0752310136,11.4472232148,4.40100635074,2.99092082744,9.29776485888,-3.68124552685,0.1,0.5,0.5
0.64,-0.00543314775638,0.11268025625,8.8467132375,-4.9917687798,8.72062272016,8.97149754808,10.9745192454,12.7590074028,11.1201588318,11.4767352751,4.4927818133,2.95120603838,9.17754625684,-3.97147890635,0.1,0.5,0.5
0.65,0.00647465976737,0.215131989559,9.43062816611,-3.29884742313,8.10019290327,8.57925957446,10.6514225516,11.7761911077,11.1659914769,11.5058215562,4.58326451855,2.90862810922,9.04827052466,-4.25779291565,0.1,0.5,0.5
0.66,0.0236204677568,0.21853653581,9.95343062489,-3.8494249103,8.7845385325,8.52786370298,11.7010910059,11.3752421657,11.2127151287,11.5344538468,4.67236517097,2.86322905925,8.91006524188,-4.5399049974,0.1,0.5,0.5
0.67,0.030402439627,0.04631954432,8.69263474413,-4.37313335079,8.55880828938,8.62989235847,10.8323195088,10.9538900582,11.260315087,11.5626043837,4.75999583897,2.81505369184,8.76306680044,-4.81753674102,0.1,0.5,0.5
0.68,0.0406338568015,-0.0862305470996,8.54788674852,-4.20481790772,8.91948028119,8.4306284693,11.5536916486,11.6468409078,11.3087757875,11.5902458793,4.84607004167,2.76414955026,8.60742027004,-5.0904141575,0.1,0.5,0.5
0.69,-0.0666975742576,0.116763441691,8.67135862573,-5.51920000364,8.95402657242,8.8049100981,12.1043096954,11.1256306888,11.3580808158,11.617351548,4.93050283422,2.71056687076,8.44327925502,-5.35826794979,0.1,0.5,0.5
0.7,-0.0330481310177,-0.00798275260027,9.13220244457,-6.11409805349,8.48517990951,7.77554140025,11.5840874156,10.7367714014,11.4082129247,11.6438951333,5.01321089165,2.65435853298,8.27080574275,-5.62083377852,0.1,0.5,0.5
0.71,-0.0104887268472,0.0430911705375,8.24330921236,-5.16841853794,8.84023202322,8.96031340286,10.9948234259,12.2959974495,11.4591540506,11.6698509334,5.09411259109,2.59558000775,8.09016994375,-5.87785252292,0.1,0.5,0.5
0.72,0.12349225657,0.0185527260828,8.95669489383,-5.89142691952,8.20175391208,8.88207152421,11.5001308274,11.9722338612,11.5108853316,11.6951938264,5.17312809233,2.53428930238,7.90155012376,-6.12907053653,0.1,0.5,0.5
0.73,0.0995446890361,0.125035280852,7.28874581454,-5.79220752799,7.99211819751,8.1500617806,11.6973874447,11.2522896153,11.5633871257,11.7198992954,5.2501794166,2.47054690341,7.70513242776,-6.37423989749,0.1,0.5,0.5
0.74,0.0115738104154,0.0800840548205,8.06586231665,-6.40027643386,7.40353610521,8.18173886443,11.8402318208,12.708307356,11.616639031,11.7439434526,5.32519052357,2.40441571688,7.5011106963,-6.61311865324,0.1,0.5,0.5
0.75,0.076815276317,-0.104447649927,7.00966138861,-5.58962718982,8.66567295909,9.4169441835,11.8427275491,10.359116889,11.6706199048,11.7673030627,5.39808738631,2.33596100628,7.28968627421,-6.84547105929,0.1,0.5,0.5
0.76,0.104788674655,0.159713372015,6.56571407439,-7.9326529217,7.83620147092,8.21966453255,11.3683062034,11.9745485648,11.7253078855,11.7899555659,5.46879806443,2.26525032817,7.07106781187,-7.07106781187,0.1,0.5,0.5
0.77,0.251597941652,-0.348810226026,6.15454071198,-6.87903708738,8.05832602118,8.3444471351,11.3543781916,11.0859728038,11.7806804132,11.8118791006,5.53725277502,2.19235346542,6.84547105929,-7.28968627421,0.1,0.5,0.5
0.78,0.180231522691,0.0788600571332,5.81212275071,-8.85901570545,7.76609851752,8.19093141016,11.9647659024,11.6420307731,11.8367142528,11.8330525242,5.60338396155,2.11734235846,6.61311865324,-7.5011106963,0.1,0.5,0.5
0.79,0.0883878081922,-0.016633208641,6.15548345579,-8.07599621943,8.3192231695,7.77883864208,10.7980817766,11.4350341844,11.8933855164,11.8534554345,5.66712636053,2.04029103418,6.37423989749,-7.70513242776,0.1,0.5,0.5
0.8,0.0250961596852,0.0989866734397,6.29726217696,-8.60844863134,7.49450782238,7.47959762956,13.2326830902,11.9824603964,11.9506696871,11.8730681898,5.72841706589,1.96127553295,6.12907053653,-7.90155012376,0.1,0.5,0.5
0.81,0.164079520321,-0.0101024817052,6.37067402486,-7.20024147168,8.68551185525,8.29884611103,12.4504244021,11.6123256949,12.008541643,11.8918719282,5.78719559112,1.88037383351,5.87785252292,-8.09016994375,0.1,0.5,0.5
0.82,-0.104274199263,0.0705276428964,5.87420948354,-7.94103305931,7.43270990438,8.26368500014,11.4508006945,11.6911052987,12.0669756823,11.9098485859,5.84340392891,1.79766577608,5.62083377852,-8.27080574275,0.1,0.5,0.5
0.83,0.10771045261,0.132695739109,4.40690201404,-8.17878680634,7.32384658233,8.2960923609,11.5985506587,12.5253965354,12.1259455484,11.9269809158,5.89698660841,1.71323298353,5.35826794979,-8.44327925502,0.1,0.5,0.5
0.84,0.295354435475,-0.0490203649211,5.06500696078,-8.77798679388,6.83493767475,7.9019021922,12.2980751842,12.7406198707,12.1854244559,11.9432525036,5.94789074998,1.62715878083,5.0904141575,-8.60742027004,0.1,0.5,0.5
0.85,-0.00183706665685,-0.0329033730749,5.6615622421,-8.29813178327,8.37785321624,8.10846898142,12.7028896687,12.3479732956,12.2453851171,11.9586477847,5.99606611739,1.53952811283,4.81753674102,-8.76306680044,0.1,0.5,0.5
0.86,0.0524073200356,0.0135842872492,4.5350709726,-8.96524807494,6.79849599119,8.71766109038,12.446459183,11.9828501985,12.3057997687,11.9731520593,6.04146516736,1.45042746041,4.5399049974,-8.91006524188,0.1,0.5,0.5
0.87,0.114586756682,-0.117371044248,4.80346758026,-9.37322932053,8.01471632201,8.71839072409,12.8209814961,12.1277007646,12.3666401997,11.9867515069,6.08404309652,1.35994475516,4.25779291565,-9.04827052466,0.1,0.5,0.5
0.88,-0.0201717024155,0.00156180719589,3.66755508324,-9.13638695886,7.77458285493,8.09374831467,12.5921623221,11.8322181593,12.4278777785,11.9994331998,6.12375788558,1.26816929259,3.97147890635,-9.17754625684,0.1,0.5,0.5
0.89,-0.0853495264268,0.0678749938385,3.17789488805,-9.35688250579,7.53999064296,8.56474329376,12.2008047687,11.6560294799,12.489483482,12.0111851162,6.16057034085,1.175191644,3.68124552685,-9.29776485888,0.1,0.5,0.5
0.9,0.153503914256,0.119563293931,2.96880087192,-10.1410444497,7.36860368349,8.01822967211,12.2779746211,10.8830840951,12.5514279233,12.0219961519,6.19444413288,1.08110356711,3.38737920245,-9.40880768954,0.1,0.5,0.5
0.91,0.0209166257371,0.187445682434,3.14753655591,-9.01220800143,7.78089941486,7.5805506816,12.7159565517,11.3908874704,12.6136813816,12.0318561311,6.22534583232,0.985997915478,3.09016994375,-9.51056516295,0.1,0.5,0.5
0.92,0.106772380424,0.156784873583,3.15921803309,-9.81316143831,6.59398816957,8.36647764398,12.9347778413,12.4895960274,12.676213831,12.0407558165,6.25324494292,0.88996854691,2.78991106039,-9.60293685677,0.1,0.5,0.5
0.93,0.18759001639,-0.0849359921081,1.55773000245,-10.1711993412,7.03852259221,7.89019043085,12.797300883,10.7813478034,12.7389949704,12.0486869188,6.27811393164,0.793110230797,2.48689887165,-9.68583161129,0.1,0.5,0.5
0.94,0.0259602380427,0.0671087815645,1.85312226253,-9.75045318404,6.90793382277,8.57306986489,12.2158330807,12.0296238841,12.8019942529,12.0556421044,6.29992825578,0.695518554604,2.18143241397,-9.75916761939,0.1,0.5,0.5
0.95,0.13463900887,-0.191894898031,1.50204886096,-10.0672900305,7.16524511406,8.08273137449,13.3569146802,13.1307654404,12.8651809168,12.0616150027,6.31866638723,0.597289829531,1.87381314586,-9.82287250729,0.1,0.5,0.5
0.96,-0.0758977712693,0.166297691274,1.77275767289,-9.07458656425,6.89906282515,7.31091800854,12.9375255863,12.4318895018,12.9285240151,12.0666002126,6.33430983374,0.498520995471,1.5643446504,-9.87688340595,0.1,0.5,0.5
0.97,0.00461203901899,0.138433652026,1.19305661753,-9.61037311373,7.77118770104,7.21147617771,13.10927766,12.3619167587,12.9919924467,12.0705933079,6.34684315709,0.39930952534,1.25333233564,-9.92114701314,0.1,0.5,0.5
0.98,-0.0699443065333,0.173691925517,1.21631280195,-9.9640166895,6.64931844803,7.78072792458,13.2825438446,12.103603785,13.0555549866,12.0735908412,6.35625398843,0.299753328879,0.941083133185,-9.95561964603,0.1,0.5,0.5
0.99,0.0633293938381,0.0436159610587,1.09972952021,-9.97542620686,6.97045821575,7.58038400855,13.3087176449,13.0152881938,13.119180317,12.0755903477,6.36253304038,0.199950656037,0.627905195293,-9.98026728428,0.1,0.5,0.5
1.0,0.0748219708915,0.0463878465701,0.155350725901,-9.14525755342,6.65430039602,7.77689167071,13.7460584763,12.3957458265,13.1828370581,12.0765903477,6.36567411629,0.1,0.314107590781,-9.99506560366,0.1,0.5,0.5
1.01,0.139232035225,-0.0243164536001,-0.520018521399,-10.3808248313,6.4294215706,8.18971947315,14.2696188545,12.7888042267,13.2464937993,12.0765903477,6.36567411629,-4.46864767412e-15,-2.09798541387e-14,-10.0,0.1,0.5,0.5
1.02,0.093035968416,0.103660493839,-0.411085982189,-9.39777201346,6.66444393109,7.16322556995,13.2292736027,11.5062296629,13.3101191297,12.0755908412,6.36253304038,-0.0999506560366,-0.314107590781,-9.99506560366,0.1,0.5,0.5
1.03,0.22055783689,0.195670447354,-0.361348494339,-9.67781176954,6.22374237054,7.94868052449,13.91280144,12.5636773704,13.3736816696,12.0735933079,6.35625398843,-0.199753328879,-0.627905195293,-9.98026728428,0.1,0.5,0.5
1.04,-0.0223807529828,-0.00722880278704,-0.841416781494,-10.3351491355,6.96925724463,7.36245114974,13.8630711758,11.9296786354,13.4371501012,12.0706002126,6.34684315709,-0.29930952534,-0.941083133185,-9.95561964603,0.1,0.5,0.5
1.05,0.102173479685,0.0996434404664,-0.848464927213,-10.1861627904,7.22502483857,7.41708649141,13.3192286212,12.3190115751,13.5004931995,12.0666150027,6.33430983374,-0.398520995471,-1.25333233564,-9.92114701314,0.1,0.5,0.5
1.06,0.0571409992927,-0.044390657559,-1.98163591357,-10.6404454223,6.18342175463,7.64717192963,13.8318083304,11.988553735,13.5636798634,12.0616421044,6.31866638723,-0.497289829531,-1.5643446504,-9.87688340595,0.1,0.5,0.5
1.07,0.0231765518053,0.0680608434767,-2.55270470575,-9.15915622702,6.81901798034,8.49265216372,13.976565326,12.3207148354,13.6266791459,12.0556869188,6.29992825578,-0.595518554604,-1.87381314586,-9.82287250729,0.1,0.5,0.5
1.08,-0.0536411375912,0.18372457925,-1.58029498097,-9.63907638258,6.0620445385,7.99136898103,13.8654760378,12.1608318096,13.6894602852,12.0487558165,6.27811393164,-0.693110230797,-2.18143241397,-9.75916761939,0.1,0.5,0.5
1.09,0.0297892465403,-0.0307171422757,-2.07411056573,-9.97318722892,6.50381924848,8.19094925583,13.5794119078,12.4776563488,13.7519927347,12.0408561311,6.25324494292,-0.78996854691,-2.48689887165,-9.68583161129,0.1,0.5,0.5
1.1,0.0823868600457,0.114081493441,-3.29152732066,-10.0720974976,5.88057121683,8.97276489692,14.3044682165,11.6033248234,13.814246193,12.0319961519,6.22534583232,-0.885997915478,-2.78991106039,-9.60293685677,0.1,0.5,0.5
1.11,0.0826817488444,-0.0932803773176,-3.36869824037,-9.76920277044,6.59293169127,8.52143755498,13.5605114704,12.1396716477,13.8761906343,12.0221851162,6.19444413288,-0.981103567107,-3.09016994375,-9.51056516295,0.1,0.5,0.5
1.12,-0.00208645316666,-0.135269522499,-3.61606775093,-9.90389343064,5.99219127364,7.75367856867,13.0193571114,12.6324871193,13.9377963377,12.0114331998,6.16057034085,-1.075191644,-3.38737920245,-9.40880768954,0.1,0.5,0.5
1.13,0.0683495909824,0.0407568713791,-3.38661479018,-8.74771132067,6.32992448862,9.34892919508,14.4521575573,11.3818039978,13.9990339166,11.9997515069,6.12375788558,-1.16816929259,-3.68124552685,-9.29776485888,0.1,0.5,0.5
1.14,0.0708898581253,0.0617645933376,-3.73765431321,-9.03900230015,5.32223070721,8.20022742937,14.7003267075,11.8628316756,14.0598743476,11.9871520593,6.08404309652,-1.25994475516,-3.97147890635,-9.17754625684,0.1,0.5,0.5
1.15,0.154771988979,-0.0674641996478,-4.67110010335,-8.56220492446,5.20428026428,7.41008655074,14.2042947267,11.8601428816,14.1202889992,11.9736477847,6.04146516736,-1.35042746041,-4.25779291565,-9.04827052466,0.1,0.5,0.5
1.16,-0.046271045491,0.0412262128858,-4.00149830597,-9.0300398548,6.39847931541,7.20478753338,14.5098493305,12.4392411747,14.1802496604,11.9592525036,5.99606611739,-1.43952811283,-4.5399049974,-8.91006524188,0.1,0.5,0.5
1.17,0.189062083037,0.0209562567679,-5.42780401272,-8.1149882562,6.01875630474,8.22974803841,14.4089004444,12.0323330075,14.2397285679,11.9439809158,5.94789074998,-1.52715878083,-4.81753674102,-8.76306680044,0.1,0.5,0.5
1.18,0.05831192124,-0.0894631075349,-4.73804182919,-9.09077026065,6.57819800802,6.94547690816,14.392131998,12.384557671,14.298698434,11.9278485859,5.89698660841,-1.61323298353,-5.0904141575,-8.60742027004,0.1,0.5,0.5
1.19,0.231610961786,0.0657546801365,-5.56744999834,-9.23337463621,6.50515350756,8.02936026703,13.762205158,12.3108709855,14.3571324733,11.9108719282,5.84340392891,-1.69766577608,-5.35826794979,-8.44327925502,0.1,0.5,0.5
1.2,0.12664108927,0.0412780752344,-5.67446707624,-8.50107072032,5.97922239379,7.99954148031,14.5474271792,11.1339799631,14.4150044292,11.8930681898,5.78719559112,-1.78037383351,-5.62083377852,-8.27080574275,0.1,0.5,0.5
1.21,-0.0686609710123,-0.0802380306754,-5.96088117328,-7.62963082274,6.34516301804,8.12059391942,15.377137737,11.8784137245,14.4722885999,11.8744554345,5.72841706589,-1.86127553295,-5.87785252292,-8.09016994375,0.1,0.5,0.5
1.22,0.139229296188,0.156177426247,-6.23077479298,-8.37609176216,5.95296629506,8.07133429505,15.1167064672,12.3997495338,14.5289598635,11.8550525242,5.66712636053,-1.94029103418,-6.12907053653,-7.90155012376,0.1,0.5,0.5
1.23,0.160820105211,0.0350634519039,-6.40514596978,-8.48684247793,5.25781745033,8.57360110279,14.3710030226,11.8738304337,14.5849937031,11.8348791006,5.60338396155,-2.01734235846,-6.37423989749,-7.70513242776,0.1,0.5,0.5
1.24,0.0842372849826,-0.156978687977,-6.48199142134,-7.76593300316,4.92142483771,8.80952080134,14.9910564843,12.0340522435,14.6403662308,11.8139555659,5.53725277502,-2.09235346542,-6.61311865324,-7.5011106963,0.1,0.5,0.5
1.25,0.0561016754131,-0.109762191113,-6.28080214817,-6.73704834925,5.48593398111,7.63547869499,14.7987378284,11.1810844373,14.6950542115,11.7923030627,5.46879806443,-2.16525032817,-6.84547105929,-7.28968627421,0.1,0.5,0.5
1.26,-0.154712028089,-0.104772487616,-7.15675267508,-7.2274310941,5.4405969267,9.12629814745,15.7661689056,11.9601730098,14.7490350853,11.7699434526,5.39808738631,-2.23596100628,-7.07106781187,-7.07106781187,0.1,0.5,0.5
1.27,0.0374107037596,-0.160232456296,-7.25153029533,-6.29697431468,5.97960696845,8.24704080197,15.1559026433,11.2149737202,14.8022869906,11.7468992954,5.32519052357,-2.30441571688,-7.28968627421,-6.84547105929,0.1,0.5,0.5
1.28,0.12233713966,0.0590558463763,-7.7735032271,-6.16394437712,5.90721021418,8.64193218084,15.0987241712,12.0367664801,14.8547887847,11.7231938264,5.2501794166,-2.37054690341,-7.5011106963,-6.61311865324,0.1,0.5,0.5
1.29,0.232655252257,-0.0169762102785,-8.24394816623,-6.6435354851,4.93666798851,8.30563309024,14.4192139384,11.3075334622,14.9065200657,11.6988509334,5.17312809233,-2.43428930238,-7.70513242776,-6.37423989749,0.1,0.5,0.5
1.3,0.0162868414692,-0.276245482548,-8.48703788903,-6.82576885062,5.06837248156,9.24985314953,15.4396341852,11.731425624,14.9574611916,11.6738951333,5.09411259109,-2.49558000775,-7.90155012376,-6.12907053653,0.1,0.5,0.5
1.31,-0.0375072928774,-0.0217014256418,-8.63835583008,-6.0512566673,5.58884131277,8.58917685306,14.5845657142,12.0024375666,15.0075933005,11.648351548,5.01321089165,-2.55435853298,-8.09016994375,-5.87785252292,0.1,0.5,0.5
1.32,0.0754048090137,0.129113377938,-8.46234098506,-5.9370788018,5.17423852468,8.79157249602,15.5600353295,11.9279309605,15.0568983288,11.6222458793,4.93050283422,-2.61056687076,-8.27080574275,-5.62083377852,0.1,0.5,0.5
1.33,-0.172283102427,-0.0484365401454,-8.65163055389,-5.08892204145,4.31101785966,8.18096404792,14.8716826157,12.2286773117,15.1053590292,11.5956043837,4.84607004167,-2.66414955026,-8.44327925502,-5.35826794979,0.1,0.5,0.5
1.34,0.0905841483376,-0.197876559782,-9.32325368144,-5.49047960345,4.70175924923,8.4159722254,15.7140125876,11.0791707594,15.1529589876,11.5684538468,4.75999583897,-2.71505369184,-8.60742027004,-5.0904141575,0.1,0.5,0.5
1.35,-0.0739931943459,0.0132634078976,-9.19783543387,-5.1634398972,4.80468003187,8.75261879131,14.9364359567,12.3759369486,15.1996826393,11.5408215562,4.67236517097,-2.76322905925,-8.76306680044,-4.81753674102,0.1,0.5,0.5
1.36,0.183568459898,0.020802799581,-9.35918379133,-4.61254369535,4.35984720332,8.66082615337,14.9663425124,10.803189099,15.2455152845,11.5127352751,4.58326451855,-2.80862810922,-8.91006524188,-4.5399049974,0.1,0.5,0.5
1.37,0.186162642587,0.0458852705208,-8.68313598178,-3.65885107789,4.58340161873,7.84727140589,14.2736135976,12.6719349796,15.2904431027,11.4842232148,4.4927818133,-2.85120603838,-9.04827052466,-4.25779291565,0.1,0.5,0.5
1.38,0.0639341502334,-0.0311314496623,-8.61864167408,-4.77451320596,5.08248540813,8.68630050635,15.9823324358,12.3129646335,15.3344531662,11.4553140065,4.40100635074,-2.89092082744,-9.17754625684,-3.97147890635,0.1,0.5,0.5
1.39,0.0501104531199,-0.234000466367,-9.85232967893,-3.81966362211,4.33696244283,8.61487999659,14.9505317137,10.9849910513,15.3775334532,11.4260366737,4.30802870215,-2.92773328271,-9.29776485888,-3.68124552685,0.1,0.5,0.5
1.4,0.18346001714,-0.0583572171886,-9.11706909165,-3.08235127498,4.28690309594,8.7993055803,14.7183079528,11.3112491671,15.4196728594,11.3964206029,4.21394062525,-2.96160707473,-9.40880768954,-3.38737920245,0.1,0.5,0.5
1.41,0.0871380604538,-0.210908608887,-9.68732590693,-2.3920025531,4.3854965745,9.20801630103,15.6386809764,12.3238327748,15.4608612092,11.3664955152,4.11883497362,-2.99250877417,-9.51056516295,-3.09016994375,0.1,0.5,0.5
1.42,-0.0784596862344,-0.176587446387,-8.68977996704,-2.71547199986,5.00822465019,9.17288558072,16.0665716158,11.4874443761,15.5010892652,11.3362914363,4.02280560505,-3.02040788478,-9.60293685677,-2.78991106039,0.1,0.5,0.5
1.43,0.0244748162991,-0.0955056283563,-9.36577580097,-1.84847228195,4.89090306782,8.4994934489,15.4121780348,11.8674575166,15.5403487381,11.3058386676,3.92594728894,-3.04527687349,-9.68583161129,-2.48689887165,0.1,0.5,0.5
1.44,-0.027403237037,-0.0503977244395,-8.5406655021,-2.23487697828,3.46081215241,8.89468738873,15.6876755526,11.5929824879,15.5786322942,11.2751677556,3.82835561275,-3.06709119763,-9.75916761939,-2.18143241397,0.1,0.5,0.5
1.45,0.0477943646944,0.0944485101501,-9.18092055737,-1.89734091174,4.15325480246,8.80772388438,15.0933822057,11.1533951996,15.6159335631,11.2443094623,3.73012688767,-3.08582932909,-9.82287250729,-1.87381314586,0.1,0.5,0.5
1.46,-0.098012938287,0.157800900259,-9.82017114539,-1.59047078117,4.29076459443,8.71763838613,16.44105917,11.8186355718,15.6522471437,11.2132947346,3.63135805361,-3.10147277559,-9.87688340595,-1.5643446504,0.1,0.5,0.5
1.47,0.0909794098766,0.177932192105,-9.37934367757,-0.773422130716,4.25706586887,8.55016818952,15.0620972607,12.4237403827,15.6875686095,11.1821546736,3.53214658348,-3.11400609895,-9.92114701314,-1.25333233564,0.1,0.5,0.5
1.48,0.00614517534759,0.094577789922,-10.5405660895,-0.87432949233,4.46248013212,9.63834874293,16.0448793357,10.9312115387,15.7218945134,11.1509205043,3.43259038702,-3.12341693028,-9.95561964603,-0.941083133185,0.1,0.5,0.5
1.49,-0.0532310347285,-0.0668335897041,-10.0712808853,0.333112770205,3.79515171778,7.90481516862,16.6358294211,11.1578309618,15.7552223905,11.1196235445,3.33278771418,-3.12969598224,-9.98026728428,-0.627905195293,0.1,0.5,0.5
1.5,0.168840217964,0.0759099284606,-9.85294635453,0.385691433016,4.59247904069,8.92327713702,15.7705077307,11.1722346839,15.7875507611,11.0882951739,3.23283705814,-3.13283705814,-9.99506560366,-0.314107590781,0.1,0.5,0.5
1.51,0.0654710737326,0.095463114309,-10.4145709001,0.829553060846,3.53099537154,8.77106884359,15.5316018779,10.1480479137,15.8188791317,11.0569668033,3.13283705814,-3.13283705814,-10.0,3.36902272573e-14,0.1,0.5,0.5
1.52,0.0653612556902,-0.0450245879022,-9.6579365048,1.1483926721,4.03793780155,8.59516615564,14.9731899352,10.36670562,15.8492079957,11.0256698435,3.03288640211,-3.12969598224,-9.99506560366,0.314107590781,0.1,0.5,0.5
1.53,-0.037614211131,0.240508219072,-9.5176865849,0.0445896701064,4.50549505497,8.94337354783,15.9727001057,10.7208559863,15.878538833,10.9944356742,2.93308372926,-3.12341693028,-9.98026728428,0.627905195293,0.1,0.5,0.5
1.54,0.0432669753852,-0.165397444328,-10.757111341,-0.0449388534183,4.53086684785,9.34855936741,15.6151754914,10.3559530551,15.9068741083,10.9632956132,2.8335275328,-3.11400609895,-9.95561964603,0.941083133185,0.1,0.5,0.5
1.55,0.125405187765,-0.0272727475569,-9.97786543881,0.710403989757,3.88546327999,9.43103214999,16.2382782612,11.3033106803,15.9342172689,10.9322808854,2.73431606267,-3.10147277559,-9.92114701314,1.25333233564,0.1,0.5,0.5
1.56,-0.0501507181036,0.0630496420751,-10.2609498717,1.80438153616,4.87821126077,8.14411755038,14.9643863575,11.1828412861,15.9605727412,10.9014225921,2.63554722861,-3.08582932909,-9.87688340595,1.5643446504,0.1,0.5,0.5
1.57,0.0436700667112,-0.130901016358,-10.2703619704,2.21760697001,4.48285341249,9.85027215113,15.6075405479,11.0071737641,15.9859459263,10.8707516801,2.53731850354,-3.06709119763,-9.82287250729,1.87381314586,0.1,0.5,0.5
1.58,-0.0642824366977,-0.0492641820401,-10.1936762432,1.71879007136,3.88773385568,9.54002511564,15.7444997158,10.9855944208,16.0103431945,10.8402989114,2.43972682735,-3.04527687349,-9.75916761939,2.18143241397,0.1,0.5,0.5
1.59,-0.0198885035052,-0.0585969036681,-9.36801006896,2.10119063251,3.47786289536,8.68439585117,16.6559944816,12.1733611961,16.0337718796,10.8100948326,2.34286851123,-3.02040788478,-9.68583161129,2.48689887165,0.1,0.5,0.5
1.6,-0.0126440696714,0.0692683749636,-9.27692438762,3.01561228655,3.84768937905,9.11743303335,16.2917373277,10.1062538048,16.0562402711,10.7801697448,2.24683914267,-2.99250877417,-9.60293685677,2.78991106039,0.1,0.5,0.5
1.61,-0.105531605802,-0.0218941873872,-8.90481770539,3.1940561628,2.65147756746,9.21520659511,16.3183396663,11.387084047,16.077757606,10.7505536741,2.15173349104,-2.96160707473,-9.51056516295,3.09016994375,0.1,0.5,0.5
1.62,0.110347825955,-0.0425950834463,-9.10746089345,3.70364551692,5.60531068028,9.66709255066,16.5439544844,11.732752259,16.0983340601,10.7212763413,2.05764541414,-2.92773328271,-9.40880768954,3.38737920245,0.1,0.5,0.5
1.63,0.117931191931,-0.00788187814569,-9.34926338335,4.25485410863,3.85842972205,9.21306237014,16.8877561616,11.2926900087,16.1179807378,10.692367133,1.96466776555,-2.89092082744,-9.29776485888,3.68124552685,0.1,0.5,0.5
1.64,-0.00252490332645,-0.0882686323861,-9.13494344142,4.75832497187,3.35086231082,8.91597990223,16.1804468154,10.3879013536,16.1367096608,10.6638550726,1.87289230298,-2.85120603838,-9.17754625684,3.97147890635,0.1,0.5,0.5
1.65,0.123920043988,-0.128490216053,-8.08761723915,4.08113830295,3.46432981929,9.00857329842,15.8295677926,10.7915103031,16.1545337568,10.6357687915,1.78240959774,-2.80862810922,-9.04827052466,4.25779291565,0.1,0.5,0.5
1.66,-0.0659326393804,0.0084508147039,-9.51543962404,5.34835767245,4.34661605078,9.73918506381,15.7410873302,10.3086121712,16.1714668462,10.6081365009,1.69330894532,-2.76322905925,-8.91006524188,4.5399049974,0.1,0.5,0.5
1.67,-0.0452831264429,-0.0960590626529,-8.7813917877,4.51966130439,3.47204934813,8.81065694116,15.1833423695,10.9240870388,16.187523629,10.580985964,1.60567827731,-2.71505369184,-8.76306680044,4.81753674102,0.1,0.5,0.5
1.68,0.0100573751133,-0.0075363170906,-9.08876221362,5.37507951087,4.58239388022,9.64385605008,16.2526511653,10.8934671994,16.2027196698,10.5543444685,1.51960407461,-2.66414955026,-8.60742027004,5.0904141575,0.1,0.5,0.5
1.69,-0.0288999803041,0.100576732994,-8.72828757477,5.08152840201,3.93206919661,9.81330881497,16.1660344023,11.4268574013,16.2170713826,10.5282387998,1.43517128206,-2.61056687076,-8.44327925502,5.35826794979,0.1,0.5,0.5
1.7,0.00169661894804,0.0787757915585,-8.26834480325,5.25160051123,2.46335974634,9.49309868917,16.3857286579,9.98394592296,16.2305960148,10.5026952144,1.35246322464,-2.55435853298,-8.27080574275,5.62083377852,0.1,0.5,0.5
1.71,-0.166065146362,-0.047542101781,-7.08203814767,6.3271024932,3.82001292321,9.28500207646,16.7618769489,10.8540809139,16.2433116301,10.4777394144,1.2715615252,-2.49558000775,-8.09016994375,5.87785252292,0.1,0.5,0.5
1.72,-0.177676038885,0.0420799893181,-7.67135007483,5.39188886662,4.15952622395,9.26060961979,17.1544688848,10.3207999168,16.2552370903,10.4533965213,1.19254602396,-2.43428930238,-7.90155012376,6.12907053653,0.1,0.5,0.5
1.73,0.0377908386092,0.0444228665767,-7.43907166577,6.97190365093,3.928218671,9.92483148862,15.5003074143,10.201444233,16.2663920373,10.4296910523,1.11549469968,-2.37054690341,-7.70513242776,6.37423989749,0.1,0.5,0.5
1.74,0.0800879424895,0.0570408569715,-7.12430333149,6.60938564323,4.30427023464,8.74330883811,16.1112784909,11.0611230943,16.2767968732,10.4066468951,1.04048359272,-2.30441571688,-7.5011106963,6.61311865324,0.1,0.5,0.5
1.75,0.04336343362,0.0102614154425,-7.0779002568,6.71394983883,4.8641539193,10.0713890512,16.5193038282,9.63865654074,16.2864727405,10.3842872851,0.967586729978,-2.23596100628,-7.28968627421,6.84547105929,0.1,0.5,0.5
1.76,0.125951957199,0.152072628506,-6.72925675122,7.24733812585,4.06367368489,10.4125628027,15.7382955454,10.7807007101,16.2954415011,10.3626347818,0.896876051859,-2.16525032817,-7.07106781187,7.07106781187,0.1,0.5,0.5
1.77,0.140597919146,0.163715587599,-7.55730121922,7.10899289327,3.57849759063,10.3368882184,16.5690419205,10.3809331011,16.3037257145,10.3417112471,0.828421341266,-2.09235346542,-6.84547105929,7.28968627421,0.1,0.5,0.5
1.78,0.0207525590226,-0.176681894672,-6.96890328554,7.12198519599,3.46042886059,9.29598634425,15.9945957622,9.31004078472,16.311348616,10.3215378236,0.762290154734,-2.01734235846,-6.61311865324,7.5011106963,0.1,0.5,0.5
1.79,-0.0853960803656,0.104508238717,-7.26724339725,7.73500740993,3.08556858937,9.59957309877,16.7352121822,10.4548108311,16.3183340936,10.3021349132,0.698547755759,-1.94029103418,-6.37423989749,7.70513242776,0.1,0.5,0.5
1.8,0.219199073546,-0.0556459977787,-5.46610015532,8.61689142876,3.05197382356,9.73386348769,16.0214126419,11.0228583779,16.3247066641,10.2835221579,0.637257050394,-1.86127553295,-6.12907053653,7.90155012376,0.1,0.5,0.5
1.81,-0.124483619319,-0.145879423143,-5.34799452577,8.19403591637,3.63287849266,8.53289924402,17.1284306488,10.0635944618,16.3304914493,10.2657184196,0.578478525164,-1.78037383351,-5.87785252292,8.09016994375,0.1,0.5,0.5
1.82,-0.0883859166667,0.010009085757,-6.15828252011,8.46902003626,3.66212814676,9.59388183896,16.4826974418,10.9524775256,16.3357141512,10.2487417618,0.522270187379,-1.69766577608,-5.62083377852,8.27080574275,0.1,0.5,0.5
1.83,0.220762823001,0.0314094450818,-5.32826830601,8.09912438646,4.4043622721,9.63647909146,16.8459925923,10.5095933833,16.3404010263,10.232609432,0.468687507881,-1.61323298353,-5.35826794979,8.44327925502,0.1,0.5,0.5
1.84,0.0408978984262,-0.0558219107313,-4.55634555867,8.38935184214,3.54030941397,9.40084391338,16.8077746886,10.2813347079,16.3445788599,10.2173378442,0.417783366306,-1.52715878083,-5.0904141575,8.60742027004,0.1,0.5,0.5
1.85,0.0220657473831,0.030967426112,-4.85714463127,8.22566694249,2.5025197389,9.51125584595,16.4572960818,9.72198457464,16.3482749399,10.202942563,0.369607998896,-1.43952811283,-4.81753674102,8.76306680044,0.1,0.5,0.5
1.86,-0.0363994635928,-0.0108485324941,-5.02887134771,8.47792134441,1.90498742198,9.34064991461,16.5806707455,10.0176375092,16.3515170294,10.1894382884,0.324208948922,-1.35042746041,-4.5399049974,8.91006524188,0.1,0.5,0.5
1.87,-0.178187156585,0.0125711747414,-5.01662637078,8.44961625789,3.46717389047,10.6619074369,16.6717446728,10.0646468857,16.3543333396,10.1768388409,0.281631019766,-1.25994475516,-4.25779291565,9.04827052466,0.1,0.5,0.5
1.88,-0.012852642136,0.123141397308,-4.02903351899,8.64343748917,3.31145256329,10.7577972647,15.8703898945,10.1147840772,16.3567525019,10.1651571479,0.241916230702,-1.16816929259,-3.97147890635,9.17754625684,0.1,0.5,0.5
1.89,0.0596074014513,0.041242707676,-4.0083371514,8.88760349419,3.71830080087,9.49320110042,15.9260931023,9.17878569758,16.3588035397,10.1544052315,0.205103775434,-1.075191644,-3.68124552685,9.29776485888,0.1,0.5,0.5
1.9,0.0633648943899,-0.174892082844,-2.81728139319,9.29929627061,3.7830486094,9.43315131823,16.4801006936,10.3281744879,16.3605158395,10.1445941958,0.171229983409,-0.981103567107,-3.38737920245,9.40880768954,0.1,0.5,0.5
1.91,-0.133592982334,-0.00426582158419,-3.61478725925,8.95091074415,2.83050307436,8.49438400087,16.0448393671,10.8619932544,16.3619191224,10.1357342167,0.140328283972,-0.885997915478,-3.09016994375,9.51056516295,0.1,0.5,0.5
1.92,-0.0431731805375,0.162831171929,-2.01497754366,10.2750810575,2.98717952668,9.32404527202,15.9085709759,10.464595679,16.3630434141,10.1278345312,0.112429173368,-0.78996854691,-2.78991106039,9.60293685677,0.1,0.5,0.5
1.93,-0.20202922178,-0.0312371468654,-2.96484913445,10.105622594,3.82318777928,10.4575970248,16.5200255506,10.2136140223,16.3639190159,10.1209034289,0.0875601846513,-0.693110230797,-2.48689887165,9.68583161129,0.1,0.5,0.5
1.94,0.0765011778226,0.0414831038867,-1.13141676042,9.70353758202,3.59617948967,10.0815729534,16.5085531123,9.57735063698,16.3645764745,10.1149482434,0.0657458605116,-0.595518554604,-2.18143241397,9.75916761939,0.1,0.5,0.5
1.95,-0.16279626417,0.0366089259063,-1.87128670542,9.61172356878,2.94176698594,10.6525548082,17.1489677408,8.86213924006,16.3650465518,10.1099753451,0.047007729053,-0.497289829531,-1.87381314586,9.82287250729,0.1,0.5,0.5
1.96,-0.144800250335,0.142322527292,-1.9478974806,10.4876077062,3.98681245682,9.57489463139,16.4187267993,10.1367357801,16.3653601947,10.1059901351,0.031364282549,-0.398520995471,-1.5643446504,9.87688340595,0.1,0.5,0.5
1.97,-0.0205730824992,0.0129045506172,-0.504543590378,9.85845811622,3.90024929366,10.6736645505,15.7567386436,9.6758056581,16.3655485042,10.1029970398,0.0188309591926,-0.29930952534,-1.25333233564,9.92114701314,0.1,0.5,0.5
1.98,-0.00510369974739,0.184807304998,-1.2955402224,10.4920018821,4.31955196429,9.46781136619,16.607369753,10.4048209007,16.3656427055,10.1009995066,0.00942012786074,-0.199753328879,-0.941083133185,9.95561964603,0.1,0.5,0.5
1.99,-0.0569909877203,-0.084947140445,-0.418266524495,9.64391062738,3.110574681,10.4888100119,16.5668546108,9.79517967715,16.3656741163,10.1,0.00314107590781,-0.0999506560366,-0.627905195293,9.98026728428,0.1,0.5,0.5
2.0,-0.0420467331316,-0.0865807392716,0.987675264505,10.5299317335,3.17144596313,9.75589679788,15.8131764944,9.86699989923,16.3656741163,10.1,-2.27205407266e-15,1.72778458207e-14,-0.314107590781,9.99506560366,0.1,0.5,0.5
2.01,0.0873013205038,0.00927039742278,-0.266966547449,-9.32094232886,4.01526761772,9.98839771441,16.522131994,10.7548555595,16.3656741163,10.099,-2.69165115543e-15,-0.1,-4.19597082774e-14,-10.0,0.1,0.5,0.5
2.02,0.0181055767496,-0.0227693556455,-0.101581064897,-10.1104344903,3.65044132957,9.71246211578,16.3386977461,10.2726778683,16.3656427055,10.0970004934,-0.00314107590782,-0.199950656037,-0.314107590781,-9.99506560366,0.1,0.5,0.5
2.03,0.0209236937472,-0.071693828644,-1.03469455695,-9.59046791972,3.52099728807,10.0331406793,16.3610339558,10.3135539485,16.3655485042,10.0940029602,-0.00942012786075,-0.299753328879,-0.627905195293,-9.98026728428,0.1,0.5,0.5
2.04,-0.0611900870696,0.124139635408,-0.253676305054,-9.75594066163,2.62494093753,10.586680395,17.0386986092,10.3475267362,16.3653601947,10.0900098649,-0.0188309591926,-0.39930952534,-0.941083133185,-9.95561964603,0.1,0.5,0.5
2.05,-0.132036302835,-0.0444501579478,-1.64641530531,-10.9845686165,3.34675576366,9.87163129852,15.6773246106,9.90863375264,16.3650465518,10.0850246549,-0.031364282549,-0.498520995471,-1.25333233564,-9.92114701314,0.1,0.5,0.5
2.06,-0.181400040372,0.0329780987386,-1.41607209372,-10.3757842208,3.31299379705,9.55579295315,15.9694652451,9.38455415716,16.3645764745,10.0790517566,-0.0470077290531,-0.597289829531,-1.5643446504,-9.87688340595,0.1,0.5,0.5
2.07,-0.113756855047,-0.0364657538651,-1.98372457393,-9.33050130774,3.19145895276,9.14672959746,16.4235867153,9.4436080883,16.3639190159,10.0720965711,-0.0657458605116,-0.695518554604,-1.87381314586,-9.82287250729,0.1,0.5,0.5
2.08,0.0664824088505,-0.0840777178472,-1.68529461233,-9.06710134294,3.92201589427,10.0932375261,16.4724742798,10.7257916523,16.3630434141,10.0641654688,-0.0875601846513,-0.793110230797,-2.18143241397,-9.75916761939,0.1,0.5,0.5
2.09,-0.0183632985414,0.0703639209618,-2.38011173634,-9.82513441711,4.53031616637,9.29209689621,16.9753109567,9.9142165596,16.3619191224,10.0552657833,-0.112429173368,-0.88996854691,-2.48689887165,-9.68583161129,0.1,0.5,0.5
2.1,0.0372730240782,-0.0173025710899,-2.78631625171,-9.13482563563,2.64693584333,9.01990910553,16.7846453483,9.22483683753,16.3605158395,10.0454058042,-0.140328283972,-0.985997915478,-2.78991106039,-9.60293685677,0.1,0.5,0.5
2.11,-0.0576955281191,-0.189145086426,-3.16971043788,-9.03652683152,3.25787613766,9.47898972466,16.2021537524,10.0066482447,16.3588035397,10.0345947685,-0.171229983409,-1.08110356711,-3.09016994375,-9.51056516295,0.1,0.5,0.5
2.12,-0.126712635591,-0.155109360344,-3.64561926865,-9.6786837135,3.27144632577,10.0181353115,16.0270934621,9.92084743699,16.3567525019,10.0228428521,-0.205103775434,-1.175191644,-3.38737920245,-9.40880768954,0.1,0.5,0.5
2.13,0.0816586439586,-0.0539716446313,-4.13909123501,-8.55016453572,4.1288641972,10.4439228242,16.040488938,10.439749583,16.3543333396,10.0101611591,-0.241916230702,-1.26816929259,-3.68124552685,-9.29776485888,0.1,0.5,0.5
2.14,-0.0681409258553,-0.141786706659,-4.11279858893,-8.96398060534,4.57136745841,9.54102611797,16.2822200712,10.5653429021,16.3515170294,9.99656171158,-0.281631019766,-1.35994475516,-3.97147890635,-9.17754625684,0.1,0.5,0.5
2.15,0.121754823082,-0.196548199217,-4.40137461491,-8.6880912748,2.99496252961,10.5345131576,15.6999908258,10.8051721443,16.3482749399,9.98205743698,-0.324208948922,-1.45042746041,-4.25779291565,-9.04827052466,0.1,0.5,0.5
2.16,-0.102364537182,-0.139612836533,-3.95490288701,-9.01572575135,3.5423980456,9.87083721909,15.9785270755,10.1854051875,16.3445788599,9.96666215585,-0.369607998896,-1.53952811283,-4.5399049974,-8.91006524188,0.1,0.5,0.5
2.17,-0.016583915679,0.0254091755185,-5.04118500919,-8.48078016564,4.08420397201,9.4509238061,16.5613101128,9.69709993855,16.3404010263,9.95039056804,-0.417783366306,-1.62715878083,-4.81753674102,-8.76306680044,0.1,0.5,0.5
2.18,0.224173720453,0.146919004989,-4.02503067463,-9.8687751456,2.78525355711,9.47242854952,16.77390101,9.71912576881,16.3357141512,9.93325823821,-0.468687507881,-1.71323298353,-5.0904141575,-8.60742027004,0.1,0.5,0.5
2.19,-0.0522913244834,-0.000152498504725,-4.61184242223,-8.98024404105,4.34111419109,10.7325525775,16.0247586625,9.63103003326,16.3304914493,9.91528158044,-0.522270187379,-1.79766577608,-5.35826794979,-8.44327925502,0.1,0.5,0.5
2.2,-0.0150786978192,-0.0575644894746,-6.77285538145,-8.41591985223,3.60399187211,10.5496397308,17.1757568263,9.2524882037,16.3247066641,9.89647784211,-0.578478525164,-1.88037383351,-5.62083377852,-8.27080574275,0.1,0.5,0.5
2.21,-0.0405373770696,-0.106467828044,-5.73806156372,-8.48936174252,4.48618216915,10.6034451507,16.9379760611,9.61480784486,16.3183340936,9.87686508678,-0.637257050394,-1.96127553295,-5.87785252292,-8.09016994375,0.1,0.5,0.5
2.22,-0.0300387510761,0.0414050836952,-6.17775316452,-7.42677838362,3.58402928217,9.68412464815,16.5850389817,9.50954990603,16.311348616,9.85646217644,-0.698547755759,-2.04029103418,-6.12907053653,-7.90155012376,0.1,0.5,0.5
2.23,-0.0834579165384,-0.0146201827597,-5.46433483688,-7.87630627958,4.38924431221,10.3145632074,16.5540045173,10.2250058913,16.3037257145,9.83528875285,-0.762290154734,-2.11734235846,-6.37423989749,-7.70513242776,0.1,0.5,0.5
2.24,-0.0614625609346,0.0303376596896,-7.03215107278,-7.29578491054,3.83659569802,8.83619723516,16.1152803752,8.6793313728,16.2954415011,9.8133652182,-0.828421341266,-2.19235346542,-6.61311865324,-7.5011106963,0.1,0.5,0.5
2.25,-0.0404701583693,0.0482464827824,-6.91535852926,-6.79685913514,4.11107837012,10.6643593527,15.8333594821,10.1025530675,16.2864727405,9.79071271492,-0.896876051859,-2.26525032817,-6.84547105929,-7.28968627421,0.1,0.5,0.5
2.26,0.0514604950079,-0.00367501208427,-7.03799640273,-6.51555964039,3.58038048407,9.29832201933,15.682021034,9.48292090799,16.2767968732,9.76735310485,-0.967586729978,-2.33596100628,-7.07106781187,-7.07106781187,0.1,0.5,0.5
2.27,0.0174168595691,0.0275216162755,-8.16037355773,-6.31475945915,3.52015876003,10.2326840762,16.3394290666,10.5250912008,16.2663920373,9.74330894769,-1.04048359272,-2.40441571688,-7.28968627421,-6.84547105929,0.1,0.5,0.5
2.28,0.0665655189538,-0.241742041818,-8.04346062468,-7.33294054429,3.82888342396,10.2090731593,16.7310305794,9.44549103184,16.2552370903,9.71860347865,-1.11549469968,-2.47054690341,-7.5011106963,-6.61311865324,0.1,0.5,0.5
2.29,-0.0678276256115,0.0182302797826,-7.92146262175,-6.29790203508,3.69087680691,10.5456773818,15.9488983577,9.66351068646,16.2433116301,9.69326058563,-1.19254602396,-2.53428930238,-7.70513242776,-6.37423989749,0.1,0.5,0.5
2.3,0.0677033620335,0.0227414209029,-7.66247202594,-5.60989108024,4.5233933337,9.84626876168,16.2263332194,9.80176233594,16.2305960148,9.66730478555,-1.2715615252,-2.59558000775,-7.90155012376,-6.12907053653,0.1,0.5,0.5
2.31,-0.103523880118,-0.0829828929501,-7.91292531135,-6.12164508827,4.2453038168,10.4598939853,16.3849860773,10.0441021068,16.2170713826,9.64076120022,-1.35246322464,-2.65435853298,-8.09016994375,-5.87785252292,0.1,0.5,0.5
2.32,-0.212115139996,-0.0377094987948,-8.37590911019,-6.10102139137,4.15448962936,10.5448155537,16.4992781785,10.47614665,16.2027196698,9.61365553151,-1.43517128206,-2.71056687076,-8.27080574275,-5.62083377852,0.1,0.5,0.5
2.33,0.0385170020583,-0.109167166588,-7.845016726,-5.11783741888,3.97100133918,10.064187773,16.370949233,9.70841478574,16.187523629,9.58601403601,-1.51960407461,-2.76414955026,-8.44327925502,-5.35826794979,0.1,0.5,0.5
2.34,-0.0371487692732,0.0467468277047,-8.08100931764,-5.64847172781,4.21315116936,10.3360474268,16.1903631126,10.3509752973,16.1714668462,9.55786349909,-1.60567827731,-2.81505369184,-8.60742027004,-5.0904141575,0.1,0.5,0.5
2.35,-0.0934808700024,-0.0264748297594,-9.22053046426,-4.73730823113,3.9078330556,9.9694094381,16.1885444056,9.95785776499,16.1545337568,9.5292312085,-1.69330894532,-2.86322905925,-8.76306680044,-4.81753674102,0.1,0.5,0.5
2.36,-0.0689446104815,0.049655326146,-7.76473491686,-4.35316327694,4.02968446289,10.6389846127,16.4860782172,10.1343729291,16.1367096608,9.50014492741,-1.78240959774,-2.90862810922,-8.91006524188,-4.5399049974,0.1,0.5,0.5
2.37,-0.056407900506,-0.008378371595,-9.10312121,-4.37375384984,4.32650886487,9.6091961392,16.0401965217,9.62491659453,16.1179807378,9.47063286702,-1.87289230298,-2.95120603838,-9.04827052466,-4.25779291565,0.1,0.5,0.5
2.38,0.0917558943868,-0.124579915692,-8.84783618488,-4.25700021085,4.71707473757,11.6167657291,15.8576533431,10.1180111187,16.0983340601,9.44072365875,-1.96466776555,-2.99092082744,-9.17754625684,-3.97147890635,0.1,0.5,0.5
2.39,0.033731687155,-0.109215646282,-8.96681391354,-4.16133929521,3.53978239912,11.2743180383,16.0939047194,9.13579380259,16.077757606,9.41044632592,-2.05764541414,-3.02773328271,-9.29776485888,-3.68124552685,0.1,0.5,0.5
2.4,0.0779483361149,0.0343001101046,-9.63160519872,-4.26111213496,3.46942446189,10.8457503023,16.3749967676,10.1110753775,16.0562402711,9.37983025517,-2.15173349104,-3.06160707473,-9.40880768954,-3.38737920245,0.1,0.5,0.5
2.41,0.130736689488,0.0477703728322,-9.40055020041,-3.03447357908,4.11664352645,10.7710003208,16.9163055453,9.88244017079,16.0337718796,9.34890516743,-2.24683914267,-3.09250877417,-9.51056516295,-3.09016994375,0.1,0.5,0.5
2.42,-0.0591599391402,0.0872268568912,-9.84630544885,-2.26868148831,4.50440036088,9.97310614001,16.0286657929,9.59278502118,16.0103431945,9.31770108859,-2.34286851123,-3.12040788478,-9.60293685677,-2.78991106039,0.1,0.5,0.5
2.43,0.0474026594422,0.0437035214974,-9.18635665443,-3.12775806656,4.6778844872,11.2860120687,16.1124138525,8.85421262492,15.9859459263,9.28624831985,-2.43972682735,-3.14527687349,-9.68583161129,-2.48689887165,0.1,0.5,0.5
2.44,0.143623665399,0.0911017355133,-9.13002307948,-2.63250447942,3.31354244677,10.9580857081,14.8784880488,9.26279417506,15.9605727412,9.25457740787,-2.53731850354,-3.16709119763,-9.75916761939,-2.18143241397,0.1,0.5,0.5
2.45,-0.148083903508,0.142481337411,-9.8376277613,-2.51804095736,4.2349568696,11.01122575,16.2503879739,9.84202290297,15.9342172689,9.22271911458,-2.63554722861,-3.18582932909,-9.82287250729,-1.87381314586,0.1,0.5,0.5
2.46,0.0907501958366,-0.120582432269,-10.4723021439,-1.18752442603,4.94408311826,9.89717867474,16.0485695291,9.84402333427,15.9068741083,9.19070438683,-2.73431606267,-3.20147277559,-9.87688340595,-1.5643446504,0.1,0.5,0.5
2.47,0.0241371504792,-0.0948348822939,-10.3267322818,-0.74283564179,4.0289645141,10.8246407404,16.441539178,9.13780704217,15.878538833,9.15856432584,-2.8335275328,-3.21400609895,-9.92114701314,-1.25333233564,0.1,0.5,0.5
2.48,-0.0023177724148,-0.116418984089,-9.5924550352,-1.19204065436,4.15001407435,10.3677290192,15.8893593867,8.08265593558,15.8492079957,9.12633015653,-2.93308372926,-3.22341693028,-9.95561964603,-0.941083133185,0.1,0.5,0.5
2.49,0.0976928013919,0.0338397820381,-10.6061177886,-1.53918567134,5.29219745053,10.6202686936,15.4636076577,9.35572265447,15.8188791317,9.09403319671,-3.03288640211,-3.22969598224,-9.98026728428,-0.627905195293,0.1,0.5,0.5
2.5,-0.0179157366651,-0.083382028014,-9.4576871516,-0.273058786754,3.74333010267,11.5663896037,15.7597678625,8.9628883983,15.7875507611,9.06170482613,-3.13283705814,-3.23283705814,-9.99506560366,-0.314107590782,0.1,0.5,0.5
2.51,-0.0248519527064,-0.00356629226586,-10.2034080805,-0.277972835634,4.82394307151,11.5445818959,15.942505099,8.10969510515,15.7552223905,9.02937645555,-3.23283705814,-3.23283705814,-10.0,-2.96160394386e-13,0.1,0.5,0.5
2.52,-0.0352543685131,-0.0605267579864,-9.12689016864,0.302422408057,4.1875145498,11.1019659766,16.3610333107,9.2047601213,15.7218945134,8.99707949573,-3.33278771418,-3.22969598224,-9.99506560366,0.314107590781,0.1,0.5,0.5
2.53,-0.0216035602463,-0.0233088412445,-9.96508043918,0.698415370246,3.74881289671,10.8692144195,15.0856763098,9.78652225107,15.6875686095,8.96484532642,-3.43259038702,-3.22341693028,-9.98026728428,0.627905195293,0.1,0.5,0.5
2.54,0.0167381121373,0.114494435787,-10.7278474971,0.947221524763,5.42996772856,10.6848968763,16.0617573172,9.24318195452,15.6522471437,8.93270526543,-3.53214658348,-3.21400609895,-9.95561964603,0.941083133185,0.1,0.5,0.5
2.55,-0.131936712674,-0.0906243325914,-10.1029981839,0.967359553609,4.43285355014,10.7021808246,15.5657631498,7.80517917456,15.6159335631,8.90069053768,-3.63135805361,-3.20147277559,-9.92114701314,1.25333233564,0.1,0.5,0.5
2.56,-0.0461248920346,-0.156014973303,-9.79533805319,1.25148532216,4.25345056697,9.91501245595,15.8863594478,9.41707417734,15.5786322942,8.86883224439,-3.73012688767,-3.18582932909,-9.87688340595,1.5643446504,0.1,0.5,0.5
2.57,-0.0382302622487,0.0249411644465,-10.2104995338,1.10559849892,4.96099785933,9.93725176445,15.7895620303,9.11559119105,15.5403487381,8.83716133241,-3.82835561275,-3.16709119763,-9.82287250729,1.87381314586,0.1,0.5,0.5
2.58,-0.0969669267285,-0.0263248003014,-9.4149560037,2.08269558646,4.51646982621,11.285146378,15.5606074139,9.0926941699,15.5010892652,8.80570856368,-3.92594728894,-3.14527687349,-9.75916761939,2.18143241397,0.1,0.5,0.5
2.59,-0.0992588814969,-0.228257445343,-9.77414747662,3.86396785062,4.33880473845,11.7369161451,15.4858995933,8.51433807152,15.4608612092,8.77450448483,-4.02280560505,-3.12040788478,-9.68583161129,2.48689887165,0.1,0.5,0.5
2.6,0.0401932796444,0.18855645506,-8.78240728954,2.47086747729,3.86682643673,11.7419496871,15.0996138661,9.16521983314,15.4196728594,8.74357939709,-4.11883497362,-3.09250877417,-9.60293685677,2.78991106039,0.1,0.5,0.5
2.61,0.0799618164291,-0.0486755349184,-8.98338944751,3.55257513462,4.54772536457,10.846869978,15.8698263484,8.81756050204,15.3775334532,8.71296332634,-4.21394062525,-3.06160707473,-9.51056516295,3.09016994375,0.1,0.5,0.5
2.62,-0.150832593639,-0.0274420497344,-9.45996955793,3.07069193438,4.69048534072,11.6319942197,15.3599977382,7.98203935452,15.3344531662,8.68268599351,-4.30802870215,-3.02773328271,-9.40880768954,3.38737920245,0.1,0.5,0.5
2.63,0.0966286309884,-0.0709378990814,-9.06039387993,4.09164065772,3.93461617561,11.4108058852,14.6757374912,8.49250777559,15.2904431027,8.65277678524,-4.40100635074,-2.99092082744,-9.29776485888,3.68124552685,0.1,0.5,0.5
2.64,-0.0477106160084,-0.0158110191945,-9.27092802088,3.09358206377,4.33087360634,12.1639602683,15.8821334406,8.89719105821,15.2455152845,8.62326472485,-4.4927818133,-2.95120603838,-9.17754625684,3.97147890635,0.1,0.5,0.5
2.65,-0.0836454026261,0.0705679611736,-8.75037085267,4.04018010425,5.07770233607,11.2288577982,15.7133694671,8.19414620184,15.1996826393,8.59417844376,-4.58326451855,-2.90862810922,-9.04827052466,4.25779291565,0.1,0.5,0.5
2.66,-0.0647660757234,-0.164193639003,-8.03683114427,4.12725555168,3.76631667004,10.7729525965,14.6795566825,8.35051620379,15.1529589876,8.56554615317,-4.67236517097,-2.86322905925,-8.91006524188,4.5399049974,0.1,0.5,0.5
2.67,0.157284956835,0.024547485679,-8.32800886317,4.76960542537,5.03380544502,11.0284515957,14.4719963078,8.51349588905,15.1053590292,8.53739561625,-4.75999583897,-2.81505369184,-8.76306680044,4.81753674102,0.1,0.5,0.5
2.68,-0.129048413259,-0.111679700768,-8.16686306538,5.48366167211,4.79364056206,11.7987737704,14.5494327467,8.45674614601,15.0568983288,8.50975412075,-4.84607004167,-2.76414955026,-8.60742027004,5.0904141575,0.1,0.5,0.5
2.69,-0.172573091859,-0.0923988509808,-8.5614172163,5.51787481155,4.89644248431,11.7109485186,15.0349099743,8.39833332133,15.0075933005,8.48264845204,-4.93050283422,-2.71056687076,-8.44327925502,5.35826794979,0.1,0.5,0.5
2.7,-0.196808235319,-0.0401839546577,-8.72723377356,6.46041169187,4.66848486764,11.3646414402,15.2802855555,8.71888558905,14.9574611916,8.45610486671,-5.01321089165,-2.65435853298,-8.27080574275,5.62083377852,0.1,0.5,0.5
2.71,0.0327441716441,0.0184784691409,-7.16660755419,6.23111527667,5.09202661194,11.1518656266,14.6198737151,8.07034410608,14.9065200657,8.43014906663,-5.09411259109,-2.59558000775,-8.09016994375,5.87785252292,0.1,0.5,0.5
2.72,0.00647680949579,0.00707778351621,-7.41505733808,6.49099435248,5.02761627551,11.3043418043,14.6039595826,8.76051489139,14.8547887847,8.40480617361,-5.17312809233,-2.53428930238,-7.90155012376,6.12907053653,0.1,0.5,0.5
2.73,-0.110733757065,0.109627175201,-7.90404176653,6.29908720901,5.17239602866,11.7838664155,14.2762204529,7.47554080536,14.8022869906,8.38010070458,-5.2501794166,-2.47054690341,-7.70513242776,6.37423989749,0.1,0.5,0.5
2.74,0.0163134606689,-0.039095043406,-6.61040301158,6.40242651157,6.01389759937,10.8294736301,15.3340112714,8.76423704954,14.7490350853,8.35605654741,-5.32519052357,-2.40441571688,-7.5011106963,6.61311865324,0.1,0.5,0.5
2.75,-0.0220568943789,-0.109695575747,-7.99771146511,6.78274877829,5.65894480244,11.2979865991,14.8319201933,8.13304358599,14.6950542115,8.33269693734,-5.39808738631,-2.33596100628,-7.28968627421,6.84547105929,0.1,0.5,0.5
2.76,-0.0283586811848,-0.0149840812868,-7.39593073079,6.27366334955,4.97648874574,12.1540376443,13.7456869583,7.9090320553,14.6403662308,8.31004443406,-5.46879806443,-2.26525032817,-7.07106781187,7.07106781187,0.1,0.5,0.5
2.77,-0.0835986624385,-0.0300061582923,-6.55336920954,7.77820037398,4.82829776689,12.2455684164,13.72002898,8.1487146237,14.5849937031,8.28812089941,-5.53725277502,-2.19235346542,-6.84547105929,7.28968627421,0.1,0.5,0.5
2.78,-0.132188275015,0.19691648147,-6.64163473852,8.20849679796,5.27589794795,12.2663064849,14.7796239916,8.27399739129,14.5289598635,8.26694747582,-5.60338396155,-2.11734235846,-6.61311865324,7.5011106963,0.1,0.5,0.5
2.79,0.0243411360384,0.0682070626403,-5.93508724377,7.30990479048,6.56175351922,11.9518358008,15.4599196841,8.09511818886,14.4722885999,8.24654456548,-5.66712636053,-2.04029103418,-6.37423989749,7.70513242776,0.1,0.5,0.5
2.8,0.165948045392,0.0429364271551,-6.49057570729,8.21261862606,4.90530177458,11.4257290366,14.0715761371,8.23416103359,14.4150044292,8.22693181015,-5.72841706589,-1.96127553295,-6.12907053653,7.90155012376,0.1,0.5,0.5
2.81,-0.0776286787717,0.169430427715,-5.65281252764,7.40786063625,5.70285057322,11.8387722205,14.767163662,7.53988803899,14.3571324733,8.20812807182,-5.78719559112,-1.88037383351,-5.87785252293,8.09016994375,0.1,0.5,0.5
2.82,-0.126320028986,-0.0473854167227,-5.29151785189,8.50752433287,5.88107840181,11.9881587788,14.3197731355,8.85356904807,14.298698434,8.19015141406,-5.84340392891,-1.79766577608,-5.62083377852,8.27080574275,0.1,0.5,0.5
2.83,-0.0072267366119,0.0675439250422,-5.18082059839,8.89660431695,6.75334056278,11.7846803135,14.6440080332,8.36720586123,14.2397285679,8.17301908422,-5.89698660841,-1.71323298353,-5.35826794979,8.44327925502,0.1,0.5,0.5
2.84,0.0180158483177,-0.120286953069,-5.64086605617,8.57826226996,6.61942183881,13.0478733156,13.7602360145,8.61086327975,14.1802496604,8.15674749641,-5.94789074998,-1.62715878083,-5.0904141575,8.60742027004,0.1,0.5,0.5
2.85,-0.3189898422,-0.142406082375,-5.17633095346,8.16581841455,6.39033934858,12.0970869685,14.8915729722,8.05943658473,14.1202889992,8.14135221528,-5.99606611739,-1.53952811283,-4.81753674102,8.76306680044,0.1,0.5,0.5
2.86,-0.13973017749,0.0452201713987,-4.34255343105,8.73936925219,5.43348995261,11.7725797521,13.6641441681,7.96991906583,14.0598743476,8.12684794068,-6.04146516737,-1.45042746041,-4.5399049974,8.91006524188,0.1,0.5,0.5
2.87,0.00249526690582,-0.0182369548891,-4.27471972871,9.14306344828,7.01807234353,11.9613840389,13.4401307134,8.16320657278,13.9990339166,8.11324849313,-6.08404309652,-1.35994475516,-4.25779291565,9.04827052466,0.1,0.5,0.5
2.88,-0.141028806118,-0.0674827090382,-4.75302829841,8.38240147186,6.88236258095,11.3558601387,13.6061819279,8.5963372386,13.9377963377,8.1005668002,-6.12375788559,-1.26816929259,-3.97147890635,9.17754625684,0.1,0.5,0.5
2.89,-0.0485032741553,0.14347276116,-2.68184933713,8.90681775342,6.06126806589,12.2893071191,12.7119287206,8.03123098975,13.8761906343,8.08881488376,-6.16057034085,-1.175191644,-3.68124552685,9.29776485888,0.1,0.5,0.5
2.9,-0.0322543370936,-0.0907123728785,-3.3910307041,9.94689454402,6.1091820208,11.9471381905,14.5997341496,8.37131151101,13.814246193,8.07800384809,-6.19444413288,-1.08110356711,-3.38737920245,9.40880768954,0.1,0.5,0.5
2.91,-0.114236961815,-0.265486198044,-3.48080217685,9.98576860305,6.32084204726,11.5706181621,12.2226555715,8.81874645831,13.7519927347,8.06814386894,-6.22534583232,-0.985997915478,-3.09016994375,9.51056516295,0.1,0.5,0.5
2.92,-0.240456708272,-0.174135285358,-2.80408783709,9.90044538639,6.15751459922,12.6078197561,13.6869231049,7.87214175123,13.6894602852,8.05924418347,-6.25324494292,-0.88996854691,-2.78991106039,9.60293685677,0.1,0.5,0.5
2.93,-0.0543212175091,-0.0141287386391,-2.26243449518,9.65976031821,6.45103922625,12.4297672129,14.0280001115,7.81051605982,13.6266791459,8.05131308116,-6.27811393164,-0.793110230798,-2.48689887165,9.68583161129,0.1,0.5,0.5
2.94,-0.16804692635,0.00607557327671,-1.74165084977,10.219992145,7.00890216419,11.9833444784,13.7980604532,7.62294195607,13.5636798634,8.04435789561,-6.29992825578,-0.695518554604,-2.18143241397,9.75916761939,0.1,0.5,0.5
2.95,-0.0430485531013,0.00904551598635,-1.86198349125,9.98103471499,6.42888275916,11.8853109137,13.4169947746,8.53537023415,13.5004931995,8.03838499732,-6.31866638723,-0.597289829531,-1.87381314586,9.82287250729,0.1,0.5,0.5
2.96,-0.0302330777456,0.0268357323903,-0.638223559207,10.0647628983,6.06175027192,12.2761298959,12.9341382551,8.0637070184,13.4371501012,8.03339978736,-6.33430983374,-0.498520995471,-1.5643446504,9.87688340595,0.1,0.5,0.5
2.97,-0.0548089663243,0.103695882448,-1.74097107572,9.8700570577,7.17140191035,11.9347995266,13.4962220355,8.08664002594,13.3736816696,8.02940669211,-6.34684315709,-0.39930952534,-1.25333233564,9.92114701314,0.1,0.5,0.5
2.98,-0.0916298982023,-0.102019001116,-0.985697558575,9.98411688381,7.27625788911,12.357941571,13.563128333,7.20183073344,13.3101191297,8.02640915882,-6.35625398843,-0.29975332888,-0.941083133186,9.95561964603,0.1,0.5,0.5
2.99,-0.0442404057334,-0.118423499761,-0.506997576738,10.2566590243,6.24515238828,11.7575558116,13.5593795536,8.4789706923,13.2464937993,8.02440965226,-6.36253304038,-0.199950656037,-0.627905195294,9.98026728428,0.1,0.5,0.5
3.0,0.0541556210445,-0.0646955328239,-1.18015006382,10.0888474743,6.38663232779,11.6088877403,13.6443339791,7.91983566776,13.1828370581,8.02340965226,-6.36567411629,-0.1,-0.314107590782,9.99506560366,0.1,0.5,0.5
3.01,-0.212250909448,0.0235280465449,-0.249030452551,10.3753178857,7.53918394183,11.4623653368,13.6992873885,7.46515214102,13.119180317,8.02340965226,-6.36567411629,-1.69822489404e-13,-6.25398712852e-13,10.0,0.1,0.5,0.5
3.02,0.0041496022944,-0.0294451319902,0.338848450363,9.92456754677,7.47599565704,11.4028990796,13.066157676,8.65450635688,13.0555549866,8.02440915882,-6.36253304038,0.0999506560364,0.314107590781,9.99506560366,0.1,0.5,0.5
3.03,-0.0247683019505,-0.00117776645041,0.383061294885,9.88606430511,7.2009721432,11.854954333,11.8097650907,7.5694978853,12.9919924467,8.02640669211,-6.35625398843,0.199753328879,0.627905195292,9.98026728428,0.1,0.5,0.5
3.04,-0.0702368415892,-0.0164143876118,0.938923959391,10.005421517,6.80692002857,12.1090032034,13.0991283223,7.33726947382,12.9285240151,8.02939978736,-6.34684315709,0.29930952534,0.941083133184,9.95561964603,0.1,0.5,0.5
3.05,-0.0315947318456,-0.119498356574,0.68781811964,10.2098839907,6.87335905492,12.4432917454,12.7074194249,8.02236116028,12.8651809168,8.03338499732,-6.33430983374,0.398520995471,1.25333233564,9.92114701314,0.1,0.5,0.5
3.06,-0.201549596415,-0.049794455536,1.54604955587,9.71394132248,7.2289544456,11.7061909859,12.6476033615,8.46840735299,12.8019942529,8.03835789561,-6.31866638723,0.497289829531,1.5643446504,9.87688340595,0.1,0.5,0.5
3.07,-0.0683586862854,-0.108540373477,3.32895029905,10.3250563863,7.44502213978,11.5869762941,13.2443090621,7.42091854492,12.7389949704,8.04431308116,-6.29992825578,0.595518554603,1.87381314586,9.82287250729,0.1,0.5,0.5
3.08,-0.0834683892195,-0.0876089588647,2.05717730611,9.76633706665,7.41804576911,11.8031857785,12.8095746345,9.23748659554,12.676213831,8.05124418347,-6.27811393164,0.693110230797,2.18143241396,9.75916761939,0.1,0.5,0.5
3.09,-0.0181212396729,-0.0624601568682,2.79950696026,9.73524181984,6.59027515072,12.0470373771,12.2056048331,7.56274464316,12.6136813816,8.05914386894,-6.25324494292,0.78996854691,2.48689887165,9.68583161129,0.1,0.5,0.5
3.1,-0.0778670737421,0.0202323179203,2.92459405002,9.2586824959,7.30389148032,11.4239372698,12.6367164527,8.52381547877,12.5514279233,8.06800384809,-6.22534583232,0.885997915478,2.78991106039,9.60293685677,0.1,0.5,0.5
3.11,-0.0155342655737,0.195873646607,2.85045824022,8.84413695417,7.53416399794,11.4246057566,13.272714615,8.4785616352,12.489483482,8.07781488376,-6.19444413288,0.981103567107,3.09016994375,9.51056516295,0.1,0.5,0.5
3.12,-0.155579410968,-0.115930084073,3.2157560889,10.0190609224,7.10378329279,12.1083297328,11.267951721,7.78414424798,12.4278777785,8.0885668002,-6.16057034085,1.075191644,3.38737920245,9.40880768954,0.1,0.5,0.5
3.13,-0.033596131217,0.0262530131572,3.60764603299,9.25647951083,7.32835133999,12.0352234037,12.8579154957,8.70191778183,12.3666401997,8.10024849313,-6.12375788559,1.16816929259,3.68124552685,9.29776485888,0.1,0.5,0.5
3.14,-0.101019993167,-0.114455209195,3.94095777718,8.64351527615,8.20543818402,11.651208609,12.3653339518,8.93741212038,12.3057997687,8.11284794068,-6.08404309652,1.25994475516,3.97147890635,9.17754625684,0.1,0.5,0.5
3.15,0.0169587111971,0.0885186794885,3.79943646728,8.58099119723,8.04309016015,11.9593542968,12.0125059129,8.37062920092,12.2453851171,8.12635221528,-6.04146516737,1.35042746041,4.25779291565,9.04827052466,0.1,0.5,0.5
3.16,-0.105931053744,0.0975989255145,5.31310021195,9.05856795069,8.06300004028,12.1584436321,11.5156326033,9.071677701,12.1854244559,8.14074749641,-5.99606611739,1.43952811283,4.53990499739,8.91006524188,0.1,0.5,0.5
3.17,-0.000578355310659,0.181874095857,5.07388202276,8.30138526152,7.77623029741,11.7243547338,11.487869861,8.15951611923,12.1259455484,8.15601908422,-5.94789074998,1.52715878083,4.81753674102,8.76306680044,0.1,0.5,0.5
3.18,-0.21072889361,0.104043495647,5.53061631359,8.77053494822,8.35280402816,11.4063026091,12.3969204235,7.98940169273,12.0669756823,8.17215141406,-5.89698660841,1.61323298353,5.0904141575,8.60742027004,0.1,0.5,0.5
3.19,-0.0304545914834,-0.0564300037487,5.35967253863,8.23090867674,7.31733825783,11.9234436655,11.4343075941,8.58884733922,12.008541643,8.18912807182,-5.84340392891,1.69766577608,5.35826794979,8.44327925502,0.1,0.5,0.5
3.2,-0.0859581585586,0.0186559468341,6.23638482176,8.48100935525,7.95917055266,12.5852654627,12.3650186979,8.6088640078,11.9506696871,8.20693181015,-5.78719559112,1.78037383351,5.62083377852,8.27080574275,0.1,0.5,0.5
3.21,-0.0738710067567,-0.0130613585741,5.92649582137,8.38616134483,8.29138875233,11.8007595846,11.7355844461,8.25785157586,11.8933855164,8.22554456548,-5.72841706589,1.86127553295,5.87785252292,8.09016994375,0.1,0.5,0.5
3.22,-0.134306719107,0.0746101164807,5.58422234306,7.13241003733,7.94509749677,11.0558220829,11.8458559159,8.36732088641,11.8367142528,8.24494747582,-5.66712636053,1.94029103418,6.12907053653,7.90155012376,0.1,0.5,0.5
3.23,0.101508471977,0.132873042776,6.17327115631,7.45961383031,8.50356382545,11.3729250781,12.0942936495,8.72703170308,11.7806804132,8.26512089941,-5.60338396155,2.01734235846,6.37423989749,7.70513242776,0.1,0.5,0.5
3.24,-0.144167031842,0.104195015135,6.76298120854,7.21259425399,7.68071917267,11.4969509982,11.0178265905,8.37970269561,11.7253078855,8.28604443406,-5.53725277502,2.09235346542,6.61311865324,7.50111069631,0.1,0.5,0.5
3.25,-0.0174597941231,-0.0604436553708,7.04399200743,6.89122173457,8.38903860193,11.2997405971,11.5604979972,8.09912812373,11.6706199048,8.30769693734,-5.46879806443,2.16525032817,6.84547105929,7.28968627421,0.1,0.5,0.5
3.26,-0.0679462771466,0.0943076401914,7.78719802361,6.75835479124,8.77117688653,11.1499964525,11.5089735662,8.77510468001,11.616639031,8.33005654741,-5.39808738631,2.23596100628,7.07106781186,7.07106781187,0.1,0.5,0.5
3.27,-0.109669044911,-0.00961790981909,7.70666028293,6.72139014032,9.09135945405,11.7292763036,11.6323383831,8.4296607803,11.5633871257,8.35310070458,-5.32519052357,2.30441571688,7.28968627421,6.84547105929,0.1,0.5,0.5
3.28,-0.0351339209847,-0.039652256251,7.73271171308,6.13816740644,7.8511862085,11.2666557196,12.3328229332,8.72110802741,11.5108853316,8.37680617361,-5.2501794166,2.37054690341,7.5011106963,6.61311865324,0.1,0.5,0.5
3.29,-0.0810799191543,0.0489534400782,7.08118723023,5.95399671286,8.42558960993,12.1316626017,11.0507690444,8.56142696073,11.4591540506,8.40114906663,-5.17312809233,2.43428930238,7.70513242776,6.37423989749,0.1,0.5,0.5
3.3,-0.1388414625,0.022301282578,7.6814487194,5.4952855132,9.35423846282,11.7415036439,11.8456394201,8.59050385343,11.4082129247,8.42610486671,-5.09411259109,2.49558000775,7.90155012376,6.12907053653,0.1,0.5,0.5
3.31,0.0194849584838,-0.0319776430947,7.68490212001,5.98394223419,8.58318518301,10.924592744,11.0464711214,9.03416706358,11.3580808158,8.45164845204,-5.01321089165,2.55435853298,8.09016994375,5.87785252293,0.1,0.5,0.5
3.32,0.1647161055,-0.0155899135295,9.53356138983,4.77401624722,8.92765366891,11.6896777772,11.1868732796,8.6308655192,11.3087757875,8.47775412075,-4.93050283422,2.61056687076,8.27080574275,5.62083377852,0.1,0.5,0.5
3.33,-0.0410495925693,0.0516300715053,8.86230093907,5.33451425954,8.98140798106,11.6431324275,11.0629694134,7.90115804357,11.260315087,8.50439561625,-4.84607004167,2.66414955026,8.44327925502,5.35826794979,0.1,0.5,0.5
3.34,-0.153086811603,0.0247862135686,8.30288583026,4.83497631057,8.2074660868,11.1488460117,11.054349117,8.57084564252,11.2127151287,8.53154615317,-4.75999583897,2.71505369184,8.60742027004,5.0904141575,0.1,0.5,0.5
3.35,-0.0820058628781,-0.00587723227925,9.09817754603,4.5256595254,8.83899329822,11.1281792992,11.092439949,8.56060874421,11.1659914769,8.55917844376,-4.67236517097,2.76322905925,8.76306680044,4.81753674102,0.1,0.5,0.5
3.36,-0.174900683843,-0.021321350679,9.41036090084,3.59207999047,9.24881309437,10.7680123426,12.3647530194,8.92029799129,11.1201588318,8.58726472485,-4.58326451855,2.80862810922,8.91006524188,4.5399049974,0.1,0.5,0.5
3.37,-0.0219887075643,-0.0246483213343,9.22690959135,5.50603592284,9.64516083556,11.5253200624,12.0131023708,8.45318017582,11.0752310136,8.61577678524,-4.4927818133,2.85120603838,9.04827052466,4.25779291565,0.1,0.5,0.5
3.38,-0.0251944984725,-0.165829371631,9.68881988072,4.53510349837,8.73707502269,11.4434328287,11.7529142159,9.32365333098,11.0312209501,8.64468599351,-4.40100635074,2.89092082744,9.17754625684,3.97147890635,0.1,0.5,0.5
3.39,-0.0681650583738,0.205052432977,8.88830291093,3.69593835544,9.56443485281,11.3486653629,10.9494970496,9.63556510306,10.9881406631,8.67396332634,-4.30802870215,2.92773328271,9.29776485888,3.68124552685,0.1,0.5,0.5
3.4,0.0827674083866,-0.137290447823,8.48504625216,3.20829268213,9.26125298478,10.5945589661,10.4140242887,9.13734024093,10.9460012568,8.70357939709,-4.21394062525,2.96160707473,9.40880768954,3.38737920245,0.1,0.5,0.5
3.41,-0.184208555165,-0.0779247432474,9.76499132688,3.28409111973,9.6304637807,10.0949734397,11.2690119576,9.62483956099,10.9048129071,8.73350448483,-4.11883497362,2.99250877417,9.51056516295,3.09016994375,0.1,0.5,0.5
3.42,0.0532108923486,-0.0722413687903,10.0924963411,2.01913337674,9.07240633737,10.862519516,10.5638996005,9.12285595155,10.8645848511,8.76370856368,-4.02280560505,3.02040788478,9.60293685677,2.78991106039,0.1,0.5,0.5
3.43,-0.0215406212203,-0.0421674066005,10.06919478,1.52317365087,8.70619821159,11.3068713661,10.8278179062,9.29399907111,10.8253253782,8.79416133241,-3.92594728894,3.04527687349,9.68583161129,2.48689887165,0.1,0.5,0.5
3.44,-0.0412877136726,0.0377416180927,9.14288036036,2.0011230908,9.711180725,10.9693267273,10.2408099149,8.69971332933,10.787041822,8.82483224439,-3.82835561275,3.06709119763,9.75916761939,2.18143241397,0.1,0.5,0.5
3.45,0.0115022904365,0.0110185993152,11.1763966128,2.38200521378,8.57629203176,10.9501742935,10.823590566,8.79094018783,10.7497405532,8.85569053768,-3.73012688767,3.08582932909,9.82287250729,1.87381314586,0.1,0.5,0.5
3.46,0.00753308147212,0.0279227523071,9.48568810602,2.09612298018,9.95016203429,11.3141917231,11.1921807446,8.92682861683,10.7134269726,8.88670526543,-3.63135805362,3.10147277559,9.87688340595,1.5643446504,0.1,0.5,0.5
3.47,0.145027030804,0.186114745949,9.87824480314,0.709964967981,10.0202569659,12.1036680059,10.699977845,9.1582959048,10.6781055068,8.91784532642,-3.53214658348,3.11400609895,9.92114701314,1.25333233564,0.1,0.5,0.5
3.48,0.172622610936,0.123194349796,10.1632583322,2.07009055787,9.11750477446,11.3031721979,11.1001249452,9.56507874569,10.6437796029,8.94907949573,-3.43259038702,3.12341693028,9.95561964603,0.941083133186,0.1,0.5,0.5
3.49,-0.0913448303575,-0.0660189951338,10.1333693699,0.196586912511,9.35957319497,10.9655918182,10.5971475261,8.60911274191,10.6104517258,8.98037645555,-3.33278771418,3.12969598224,9.98026728428,0.627905195294,0.1,0.5,0.5
3.5,-0.0780023590803,0.055031170543,9.97247001375,0.773922689141,9.42112047995,10.990977912,11.3494238203,9.02728040128,10.5781233552,9.01170482613,-3.23283705814,3.13283705814,9.99506560366,0.314107590782,0.1,0.5,0.5
3.51,0.0978703212413,0.204109726189,10.5541084078,-0.315956475049,9.65812617387,10.6459027353,10.9180728842,8.9898194723,10.5467949846,9.04303319671,-3.13283705814,3.13283705814,10.0,9.63518815515e-13,0.1,0.5,0.5
3.52,0.0722471150545,0.0738017904117,9.47919892428,-0.14094543975,10.0579432171,10.712513239,10.4142831213,9.60901945738,10.5164661206,9.07433015653,-3.03288640211,3.12969598224,9.99506560366,-0.31410759078,0.1,0.5,0.5
3.53,0.147641880875,0.142106536131,9.20111480304,-0.46701890725,10.0611899811,11.0865779872,9.92140873563,8.70736423719,10.4871352833,9.10556432584,-2.93308372926,3.12341693028,9.98026728428,-0.627905195292,0.1,0.5,0.5
3.54,0.00336785000446,-0.0768131140865,11.4235401797,-0.641822014877,10.2572678261,10.3135052133,10.807178127,10.1527792032,10.458800008,9.13670438683,-2.8335275328,3.11400609895,9.95561964603,-0.941083133184,0.1,0.5,0.5
3.55,0.064834294332,0.19838953431,10.5761479243,-0.997990369778,9.5963900421,11.8888334446,9.89551086752,9.50537544091,10.4314568474,9.16771911458,-2.73431606267,3.10147277559,9.92114701314,-1.25333233564,0.1,0.5,0.5
3.56,-0.304921661721,-0.112019085197,10.4821303468,-1.86352759608,9.15364260625,10.3841799019,9.97882822189,9.04114364993,10.4051013751,9.19857740787,-2.63554722861,3.08582932909,9.87688340595,-1.5643446504,0.1,0.5,0.5
3.57,-0.0714651209063,0.0168005711527,10.1357855491,-2.40653436126,8.96222149052,11.1262266843,10.8049308313,9.52047118554,10.37972819,9.22924831985,-2.53731850354,3.06709119763,9.82287250729,-1.87381314586,0.1,0.5,0.5
3.58,0.0016454118936,0.0298669580572,9.2289926318,-2.48219617184,9.75875441328,10.9398197427,10.9624734607,9.32708251751,10.3553309218,9.25970108858,-2.43972682735,3.04527687349,9.75916761939,-2.18143241396,0.1,0.5,0.5
3.59,-0.0957209216887,0.0634506406825,10.1320272308,-2.88474216049,8.4745603,10.0579711194,9.7828899925,9.25580978363,10.3319022366,9.28990516743,-2.34286851123,3.02040788478,9.68583161129,-2.48689887165,0.1,0.5,0.5
3.6,0.0830500107502,0.0971416348671,9.76706289913,-3.35680513974,9.70584021642,10.7439083671,10.378341755,9.73013005303,10.3094338452,9.31983025517,-2.24683914267,2.99250877417,9.60293685677,-2.78991106039,0.1,0.5,0.5
3.61,-0.197560750684,0.045664503501,9.56604245928,-3.62438655596,9.70716899254,11.0905047484,10.4490866837,10.0732407382,10.2879165103,9.34944632592,-2.15173349104,2.96160707473,9.51056516295,-3.09016994375,0.1,0.5,0.5
3.62,-0.199275108385,0.0270269393145,10.1265892725,-4.19687234299,9.3845540889,10.7187367539,9.49467100797,9.67218162216,10.2673400562,9.37872365875,-2.05764541414,2.92773328271,9.40880768954,-3.38737920245,0.1,0.5,0.5
3.63,-0.0274918816459,0.0861777178084,8.81809177454,-3.23285727069,9.70839001272,10.6622429749,10.0927568628,9.0507387167,10.2476933785,9.40763286702,-1.96466776555,2.89092082744,9.29776485888,-3.68124552685,0.1,0.5,0.5
3.64,-0.0173571413657,0.0524229718098,8.55617126288,-4.13172074809,9.42033540964,10.991018576,10.09451835,10.416807745,10.2289644555,9.43614492741,-1.87289230298,2.85120603838,9.17754625684,-3.97147890635,0.1,0.5,0.5
3.65,-0.159198871903,0.0323008941395,8.99745319671,-3.50350259439,10.2602825789,10.6422002011,10.2974543112,9.48741305476,10.2111403595,9.4642312085,-1.78240959774,2.80862810922,9.04827052466,-4.25779291565,0.1,0.5,0.5
3.66,0.0972008970631,-0.0410127305559,8.63588323435,-4.91769884078,9.75434640002,11.1048284884,10.9120726498,10.23396826,10.1942072701,9.49186349909,-1.69330894532,2.76322905925,8.91006524188,-4.53990499739,0.1,0.5,0.5
3.67,-0.0268023229272,0.0416943708947,8.70765927211,-5.25591788584,10.0353444079,10.0793572378,10.0503149457,9.88385317702,10.1781504873,9.51901403601,-1.60567827731,2.71505369184,8.76306680044,-4.81753674102,0.1,0.5,0.5
3.68,-0.0656490953827,0.0925614190484,8.59302414363,-5.59808318283,10.3747001418,10.4512936295,10.0651097024,10.2341209284,10.1629544465,9.54565553151,-1.51960407461,2.66414955026,8.60742027004,-5.0904141575,0.1,0.5,0.5
3.69,-0.0806532752053,0.0302005122589,8.13488517065,-5.16910946265,9.45516274251,10.3668799805,10.5264235593,10.1336401253,10.1486027337,9.57176120022,-1.43517128206,2.61056687076,8.44327925502,-5.35826794979,0.1,0.5,0.5
3.7,-0.0309450543446,0.106887717059,8.50462375714,-6.06313354959,10.6892598024,10.685431411,10.7417057182,9.50449716533,10.1350781015,9.59730478555,-1.35246322464,2.55435853298,8.27080574275,-5.62083377852,0.1,0.5,0.5
3.71,0.0289380694553,0.0425071568118,8.22471600661,-6.0893204836,10.1927573699,10.5462233909,9.91047203773,10.0002623639,10.1223624862,9.62226058563,-1.2715615252,2.49558000775,8.09016994375,-5.87785252292,0.1,0.5,0.5
3.72,-0.0472292570666,0.0857794670861,8.19511694534,-6.56019201319,10.240156469,10.16203181,10.2183168813,9.47607669822,10.110437026,9.64660347865,-1.19254602396,2.43428930238,7.90155012376,-6.12907053653,0.1,0.5,0.5
3.73,-0.0723284053914,0.153140877032,6.4552541459,-6.22676465012,9.76682109987,9.60333903331,9.3921072469,9.27012866232,10.099282079,9.67030894769,-1.11549469968,2.37054690341,7.70513242776,-6.37423989749,0.1,0.5,0.5
3.74,-0.0719029339769,0.00510475937403,8.05670725887,-6.51255155975,10.3995094243,10.6719524765,10.6732824476,10.2235893593,10.088877243,9.69335310485,-1.04048359272,2.30441571688,7.50111069631,-6.61311865324,0.1,0.5,0.5
3.75,-0.075455106329,0.0165385947299,6.83652731019,-6.96136623006,9.64380414701,9.4995290146,9.66383310215,9.47312539706,10.0792013757,9.71571271492,-0.967586729978,2.23596100628,7.28968627421,-6.84547105929,0.1,0.5,0.5
3.76,-0.149990331554,0.111388227532,8.07361086287,-7.75057977913,10.407956093,8.73323241646,9.66229799457,9.02998655911,10.0702326152,9.7373652182,-0.896876051859,2.16525032817,7.07106781187,-7.07106781186,0.1,0.5,0.5
3.77,0.00696912052691,-0.0415274332505,6.63521771545,-7.67893110143,9.63523552298,10.480898596,11.2051874553,8.57053854692,10.0619484018,9.75828875285,-0.828421341266,2.09235346542,6.84547105929,-7.28968627421,0.1,0.5,0.5
3.78,0.0741208054791,-0.170545404182,6.89202857748,-7.35277874866,9.39553066124,9.85323458574,10.3058698004,9.84557720897,10.0543255003,9.77846217644,-0.762290154734,2.01734235846,6.61311865324,-7.5011106963,0.1,0.5,0.5
3.79,-0.0737018036963,-0.0211210380504,6.36201676316,-7.58974335605,9.70798667284,10.0804992542,9.9364787505,10.9469859523,10.0473400227,9.79786508678,-0.698547755759,1.94029103418,6.37423989749,-7.70513242776,0.1,0.5,0.5
3.8,-0.0250532560738,0.0599950109946,5.84643204467,-7.91704291501,10.1703823114,10.2399939772,10.4581930273,9.28770408444,10.0409674522,9.81647784211,-0.637257050394,1.86127553295,6.12907053653,-7.90155012376,0.1,0.5,0.5
3.81,0.0442716510927,0.0398544561456,6.1771936992,-7.96973694976,9.68788255766,10.4766202568,9.74946417169,9.78878211433,10.035182667,9.83428158044,-0.578478525165,1.78037383351,5.87785252293,-8.09016994375,0.1,0.5,0.5
3.82,-0.186880848799,-0.0842402647787,6.00136558416,-8.74386828203,9.79802749077,9.74866916562,9.46749817818,10.0957074806,10.0299599651,9.8512582382,-0.522270187379,1.69766577608,5.62083377852,-8.27080574274,0.1,0.5,0.5
3.83,0.0856326558731,-0.214071704015,5.04605253285,-8.70849089559,10.0188658923,10.6899079331,10.5524029438,9.06072130496,10.02527309,9.86739056804,-0.468687507882,1.61323298353,5.35826794979,-8.44327925502,0.1,0.5,0.5
3.84,0.0448402429935,0.0921506450425,5.30395249295,-8.25245704804,10.3398317825,10.3948069315,9.98520848608,10.4726773557,10.0210952563,9.88266215585,-0.417783366306,1.52715878083,5.0904141575,-8.60742027004,0.1,0.5,0.5
3.85,0.151075295506,-0.00918009206595,5.15117938792,-9.56831796704,9.57115339356,10.6541095585,10.3708122318,9.61488110432,10.0173991764,9.89705743698,-0.369607998896,1.43952811283,4.81753674102,-8.76306680044,0.1,0.5,0.5
3.86,-0.0772656032486,0.10981054955,5.25641641087,-7.8958765029,10.4269582299,11.0371089528,9.59085879554,10.1806020023,10.0141570869,9.91056171158,-0.324208948922,1.35042746041,4.5399049974,-8.91006524188,0.1,0.5,0.5
3.87,0.210313365605,-0.0871884199056,4.55731529168,-9.51612187172,10.0996492236,10.8079596411,10.847403355,9.90613996321,10.0113407767,9.92316115913,-0.281631019766,1.25994475516,4.25779291565,-9.04827052466,0.1,0.5,0.5
3.88,-0.00654273749735,-0.029018700845,3.73570040811,-9.41510996816,9.65707465996,10.3480783988,10.4352922673,8.68925343479,10.0089216144,9.93484285206,-0.241916230702,1.16816929259,3.97147890635,-9.17754625684,0.1,0.5,0.5
3.89,0.274593379741,-0.266855332311,4.19170393001,-10.0009308015,10.1920889147,9.28320365777,10.5630754592,9.48572429269,10.0068705766,9.9455947685,-0.205103775434,1.075191644,3.68124552685,-9.29776485888,0.1,0.5,0.5
3.9,-0.100976774567,0.157319250114,3.94461887406,-9.4579747584,9.30056022032,9.91050562521,9.34263062603,11.0132812768,10.0051582768,9.95540580417,-0.171229983409,0.981103567108,3.38737920245,-9.40880768954,0.1,0.5,0.5
3.91,0.167880291749,0.23267955429,3.91796383827,-10.0214342536,9.81452504742,10.6539282908,9.1520209374,10.1612320069,10.0037549939,9.96426578332,-0.140328283972,0.885997915478,3.09016994375,-9.51056516295,0.1,0.5,0.5
3.92,-0.0314245288242,-0.0884587961522,3.28413552912,-9.27664901811,9.68374115176,10.6260500504,9.66690721052,10.6694785159,10.0026307022,9.97216546879,-0.112429173368,0.789968546911,2.78991106039,-9.60293685677,0.1,0.5,0.5
3.93,-0.0324216539218,0.0964985455216,2.33686408365,-9.66925684263,10.5348261324,10.2690636465,10.1607494865,9.53892739565,10.0017551004,9.9790965711,-0.0875601846514,0.693110230798,2.48689887165,-9.68583161129,0.1,0.5,0.5
3.94,0.133728610183,-0.00676617239264,2.36903471916,-9.5951097723,9.72821428606,10.4572290233,9.42657131188,9.61755843903,10.0010976417,9.98505175665,-0.0657458605117,0.595518554604,2.18143241397,-9.75916761939,0.1,0.5,0.5
3.95,-0.0955359204499,-0.014007765891,1.63984408088,-10.1221558639,9.91110038437,10.1907564527,10.5937583242,9.33491287055,10.0006275645,9.99002465494,-0.0470077290531,0.497289829531,1.87381314586,-9.82287250729,0.1,0.5,0.5
3.96,0.00465422401756,-0.0641415430544,1.65492646136,-9.1470879401,9.69718129138,10.6978630218,10.0328275215,10.5584529667,10.0003139216,9.9940098649,-0.0313642825491,0.398520995472,1.5643446504,-9.87688340595,0.1,0.5,0.5
3.97,-0.0879869575724,0.123200642708,0.915306224281,-9.97182743014,10.6357491899,9.25015023551,9.64336514548,10.0746139378,10.000125612,9.99700296015,-0.0188309591926,0.29930952534,1.25333233564,-9.92114701314,0.1,0.5,0.5
3.98,-0.0293036832442,-0.0592670371477,1.14506974071,-9.91091716763,10.2138438522,9.88663633395,9.66552814787,11.0824254671,10.0000314108,9.99900049344,-0.00942012786078,0.19975332888,0.941083133186,-9.95561964603,0.1,0.5,0.5
3.99,0.00162474635066,0.0469343647577,-0.0861145133817,-10.4456266185,9.5590917775,10.6235436795,9.84389520189,9.8551516598,10.0,10.0,-0.00314107590783,0.099950656037,0.627905195294,-9.98026728428,0.1,0.5,0.5
4.0,0.00873030301898,0.080306391147,0.657370030932,-9.08671026915,9.85243657697,9.63101248905,10.4094175193,9.38626150116,10.0,10.0,-9.13852327145e-15,4.46392922626e-13,0.314107590783,-9.99506560366,0.1,0.5,0.5
4.01,-0.181603766196,-0.213430087371,-0.160658195742,-9.97075489099,9.97044031993,9.31547781876,9.88943008849,10.4191289626,10.0,9.999,3.87786591033e-15,-0.0999999999996,1.30163891818e-12,-10.0,0.1,0.5,0.5
