0.1,-0.141821249472,0.0361215467947,-0.25877176409,0.893932551012,9.91290093545,10.0488319657,9.80531447495,10.118962697,10.0,10.01,0.0,0.1,0.0,1.0,0.1,0.2,0.1
0.2,-0.0556152248765,-0.0221217217233,0.292645509705,1.03713096,10.0546329699,10.0831687854,10.0495260952,9.99594202213,10.0030901699,10.0295105652,0.0309016994375,0.19510565163,0.309016994375,0.951056516295,0.1,0.2,0.1
0.3,0.0956999787166,-0.0217933859841,0.460048272353,0.811651303284,10.0046425667,9.93810952469,10.0449810345,9.9491587444,10.0120581924,10.0571113003,0.0896802246667,0.276007351067,0.587785252292,0.809016994375,0.1,0.2,0.1
0.4,0.28778280704,-0.154970686289,1.13280143809,0.844746215126,10.0524852347,9.8555189671,10.1263986555,10.1183538148,10.0291163848,10.0905898879,0.170581924104,0.334785876296,0.809016994375,0.587785252292,0.1,0.2,0.1
0.5,0.00735659963474,0.274498880659,0.799490177718,0.251240236047,9.84495277388,9.89114171536,10.1139648739,10.1614995455,10.0556851424,10.1271586455,0.265687575734,0.365687575734,0.951056516295,0.309016994375,0.1,0.2,0.1
0.6,-0.0322797053552,0.132766191558,1.04837037649,-0.165689330969,9.79510459465,10.0168853087,9.97884280823,10.1919388077,10.0922539,10.163727403,0.365687575734,0.365687575734,1.0,6.12323399574e-17,0.1,0.2,0.1
0.7,0.158362251377,0.0919990567656,0.951497471972,-0.432560380638,9.88870322918,9.73757009397,10.0044778529,10.0907373948,10.1383332227,10.1972059907,0.460793227363,0.334785876296,0.951056516295,-0.309016994375,0.1,0.2,0.1
0.8,-0.00333983789406,-0.0571786265496,0.547126143648,-0.614605357913,9.90598864466,9.74982496076,10.1754465177,10.1080404298,10.1925027154,10.2248067258,0.541694926801,0.276007351067,0.809016994375,-0.587785252292,0.1,0.2,0.1
0.9,0.116199238967,0.0489768412298,0.340257373383,-0.507041338852,9.67953357322,9.65923744817,10.2311043142,10.1826941698,10.2525500606,10.2443172909,0.60047345203,0.19510565163,0.587785252292,-0.809016994375,0.1,0.2,0.1
1.0,0.00486285303923,-0.0534393024123,0.440268018854,-0.908482882103,9.84106421157,9.76647038133,10.3364667077,10.2357072784,10.3156875757,10.2543172909,0.631375151468,0.1,0.309016994375,-0.951056516295,0.1,0.2,0.1
1.1,0.174938558975,-0.124631992919,0.00840140146362,-0.616506293724,9.5589636064,9.72701238298,10.4057453844,10.3141598963,10.3788250909,10.2543172909,0.631375151468,8.32667268469e-17,5.66553889765e-16,-1.0,0.1,0.2,0.1
1.2,-0.0848641387853,0.0518069770364,-0.177559811489,-1.11311108075,9.65308456328,9.66589175055,10.4865824128,10.1907327348,10.4388724361,10.2448067258,0.60047345203,-0.0951056516295,-0.309016994375,-0.951056516295,0.1,0.2,0.1
1.3,0.252589037534,-0.0204230935567,-0.330144694183,-0.927837250749,9.34945462541,9.60755209557,10.4973482496,10.3205301698,10.4930419288,10.2272059907,0.541694926801,-0.176007351067,-0.587785252292,-0.809016994375,0.1,0.2,0.1
1.4,0.00296004407499,-0.196249154126,-0.80533276396,-0.319602200527,9.36223559237,9.69710629125,10.6554495724,10.2566823965,10.5391212515,10.203727403,0.460793227363,-0.234785876296,-0.809016994375,-0.587785252292,0.1,0.2,0.1
1.5,-0.165387253564,0.0189258483735,-0.806393691247,-0.0988834207887,9.57638379529,9.98328442647,10.5595374441,10.0140359252,10.5756900091,10.1771586455,0.365687575734,-0.265687575734,-0.951056516295,-0.309016994375,0.1,0.2,0.1
1.6,-0.0246018085476,-0.132668053572,-0.648445073298,0.0325068344402,9.36643971375,9.89524098939,10.6990241821,10.0644450621,10.6022587666,10.1505898879,0.265687575734,-0.265687575734,-1.0,7.04481399828e-16,0.1,0.2,0.1
1.7,-0.058909169249,-0.218588222614,-1.06717177856,0.255622562748,9.35071622554,9.95210134934,10.5402832291,10.1505816898,10.6193169591,10.1271113003,0.170581924104,-0.234785876296,-0.951056516295,0.309016994375,0.1,0.2,0.1
1.8,0.22453722705,-0.181488722641,-0.891179572024,0.445724641922,9.38060973857,10.0716204292,10.677743939,10.1068217576,10.6282849815,10.1095105652,0.0896802246667,-0.176007351067,-0.809016994375,0.587785252292,0.1,0.2,0.1
1.9,0.147335106321,-0.102485664058,-0.506965444798,0.84169759628,9.35762208052,9.99680432774,10.6809843871,10.0696846019,10.6313751515,10.1,0.0309016994375,-0.0951056516295,-0.587785252292,0.809016994375,0.1,0.2,0.1
2.0,0.0422275063261,0.106784399943,-0.518964114414,0.7563974622,9.29218461153,9.8826607213,10.7960290792,10.1306645046,10.6313751515,10.1,5.23886489745e-16,3.74700270811e-16,-0.309016994375,0.951056516295,0.1,0.2,0.1
2.1,0.00215550103303,-0.129383893805,0.0283555852545,-1.32158706406,9.22154490971,10.051352257,10.6221910636,10.0142200079,10.6313751515,10.09,3.70743741788e-16,-0.1,-1.53142747957e-15,-1.0,0.1,0.2,0.1
2.2,0.115981344856,0.0811783429577,-0.143772944531,-1.2183004855,9.596397809,9.93629139397,10.6525787204,9.99086133023,10.6282849815,10.0704894348,-0.0309016994375,-0.19510565163,-0.309016994375,-0.951056516295,0.1,0.2,0.1
2.3,0.0830393097526,-0.105043232787,-0.577299830721,-0.67339535061,9.21892350316,10.0518595777,10.6619335751,10.2069396841,10.6193169591,10.0428886997,-0.0896802246667,-0.276007351067,-0.587785252292,-0.809016994375,0.1,0.2,0.1
2.4,0.00649647480208,-0.178714066499,-1.0866103588,-1.04027454546,9.50634758267,10.0225166752,10.7423493424,9.8989431083,10.6022587666,10.0094101121,-0.170581924104,-0.334785876296,-0.809016994375,-0.587785252292,0.1,0.2,0.1
2.5,-0.00457277707799,-0.146557001767,-0.765242107998,-0.458037343507,9.28493158858,10.1382099043,10.698083563,10.0116354452,10.5756900091,9.97284135453,-0.265687575734,-0.365687575734,-0.951056516295,-0.309016994375,0.1,0.2,0.1
2.6,-0.0577962546765,-0.140384570767,-1.05081414394,-0.0559990356538,9.42691945198,10.1801828451,10.6500155526,10.0888647614,10.5391212515,9.93627259695,-0.365687575734,-0.365687575734,-1.0,2.35837355931e-15,0.1,0.2,0.1
2.7,-0.0423592215002,-0.0229553751735,-0.982427668632,0.0195748614779,9.56110826247,9.98006554651,10.5991491661,9.83728526106,10.4930419288,9.90279400932,-0.460793227363,-0.334785876296,-0.951056516295,0.309016994375,0.1,0.2,0.1
2.8,-0.0255895248805,-0.00943013093312,-0.596467238579,0.474469823887,9.51452412953,10.0340356257,10.5345799635,9.76822268495,10.4388724361,9.87519327422,-0.541694926801,-0.276007351067,-0.809016994375,0.587785252292,0.1,0.2,0.1
2.9,0.0517483364342,-0.0299743038862,-0.473169054404,0.552654582565,9.77026679556,10.2014739939,10.3496005258,9.79848487584,10.3788250909,9.85568270905,-0.60047345203,-0.19510565163,-0.587785252292,0.809016994375,0.1,0.2,0.1
3.0,-0.0901646013249,-0.00294884597817,-0.077859761852,1.30311539917,9.67075297856,10.0689179612,10.3378340949,9.94415419038,10.3156875757,9.84568270905,-0.631375151468,-0.1,-0.309016994375,0.951056516295,0.1,0.2,0.1
3.1,-0.0708369202778,-0.157616500906,-0.0416346338616,1.28426209384,9.56277317162,10.0277213393,10.2366226474,9.69058828872,10.2525500606,9.84568270905,-0.631375151468,2.02615701994e-15,3.18531963906e-15,1.0,0.1,0.2,0.1
3.2,-0.0938397600969,0.14455802247,0.026553219317,0.653726937682,9.78535198704,10.3863968974,9.8720255599,9.89285673823,10.1925027154,9.85519327422,-0.60047345203,0.0951056516295,0.309016994375,0.951056516295,0.1,0.2,0.1
3.3,0.0392747112505,0.131360842751,0.738747502394,0.713278832912,9.82434327064,10.1640365213,10.2147775222,9.83599716381,10.1383332227,9.87279400932,-0.541694926801,0.176007351067,0.587785252292,0.809016994375,0.1,0.2,0.1
3.4,-0.117125091498,-0.0118136697737,1.01919760144,0.652130242549,9.73772333542,10.1103694778,10.0584508777,9.70135646596,10.0922539,9.89627259695,-0.460793227363,0.234785876296,0.809016994375,0.587785252292,0.1,0.2,0.1
3.5,0.0347950970096,-0.174151993542,0.65532832596,0.18023705797,9.9165644167,10.0631009633,10.0337187242,9.93880054451,10.0556851424,9.92284135453,-0.365687575734,0.265687575734,0.951056516295,0.309016994375,0.1,0.2,0.1
3.6,-0.125582630586,0.0586951219783,0.913304281896,0.359675279844,9.95303375913,10.0947173963,9.92929125673,9.87503816623,10.0291163848,9.9494101121,-0.265687575734,0.265687575734,1.0,-4.9004441385e-15,0.1,0.2,0.1
3.7,0.00751892657289,-0.12237609124,0.768611883057,0.00629532716067,10.0070870592,10.1482827482,9.95446094217,9.76276402609,10.0120581924,9.97288869973,-0.170581924104,0.234785876296,0.951056516295,-0.309016994375,0.1,0.2,0.1
3.8,0.0418772226491,-0.124134544036,0.938058518632,-0.811901539806,9.94653195589,10.1106739814,9.96582791347,10.1441006391,10.0030901699,9.99048943484,-0.0896802246667,0.176007351067,0.809016994375,-0.587785252292,0.1,0.2,0.1
3.9,-0.0196118498419,0.308786099712,0.553669833387,-0.712909382882,10.0118697585,9.93270580325,9.96579406286,10.1583551889,10.0,10.0,-0.0309016994375,0.0951056516295,0.587785252292,-0.809016994375,0.1,0.2,0.1
4.0,0.117319093067,0.0778967674526,0.542697226062,-0.865768573124,9.90438128798,9.92201058071,9.83438011719,9.99116617756,10.0,10.0,8.04911692853e-16,-1.22124532709e-15,0.309016994375,-0.951056516295,0.1,0.2,0.1
